Solução sistema 33 nós

ampl "C:\Users\User\Desktop\MESTRADO\Programas\ampl\barras33\Rad_OPF.run"
Process started (PID=2600) >>>
Gurobi 11.0.3: optimal solution; objective 8605524.334
0 simplex iterations
2196 barrier iterations
87 branching nodes
absmipgap=832.282, relmipgap=9.67149e-05
------------ WARNINGS ------------
WARNING:  "Tolerance violations"
  Type                         MaxAbs [Name]   MaxRel [Name]
* algebraic con(s)             1E-06           2E+02         
* quadratic con(s)             2E-06           -             
*: Using the solver's aux variable values.
Documentation: mp.ampl.com/modeling-tools.html#automatic-solution-check.
solve_result = solved

solve_result_num = 0



||  =========  ||  =========  ||  =========  ||  =========  ||  =========  ||  =========    
Maguinitude de Tensao:

Ano =    1

   1    1.0000    1.0000    1.0000    1.0000    1.0000    1.0000    1.0000    1.0000    1.0000    1.0000    1.0000    1.0000    1.0000    1.0000    1.0000    1.0000    1.0000    1.0000    1.0000    1.0000    1.0000    1.0000    1.0000    1.0000    1.0000    1.0000    1.0000    1.0000    1.0000    1.0000    1.0000    1.0000    1.0000    1.0000    1.0000    1.0000    1.0000    1.0000    1.0000    1.0000    1.0000    1.0000    1.0000    1.0000    1.0000    1.0000    1.0000    1.0000
   2    0.9989    0.9988    0.9991    0.9990    0.9991    0.9992    0.9991    0.9992    0.9992    0.9992    0.9992    0.9992    0.9992    0.9991    0.9991    0.9990    0.9990    0.9991    0.9991    0.9992    0.9993    0.9991    0.9992    0.9994    0.9991    0.9994    0.9994    0.9991    0.9989    0.9993    0.9991    0.9988    0.9990    0.9987    0.9987    0.9986    0.9985    0.9985    0.9984    0.9985    0.9984    0.9985    0.9984    0.9985    0.9985    0.9986    0.9986    0.9988
   3    0.9940    0.9935    0.9952    0.9947    0.9953    0.9957    0.9955    0.9960    0.9957    0.9962    0.9962    0.9957    0.9960    0.9955    0.9955    0.9950    0.9950    0.9956    0.9954    0.9962    0.9970    0.9956    0.9963    0.9975    0.9957    0.9975    0.9974    0.9957    0.9948    0.9968    0.9961    0.9942    0.9950    0.9935    0.9937    0.9929    0.9920    0.9920    0.9913    0.9921    0.9915    0.9923    0.9915    0.9922    0.9918    0.9924    0.9928    0.9935
   4    0.9922    0.9914    0.9939    0.9931    0.9939    0.9947    0.9944    0.9951    0.9946    0.9953    0.9953    0.9946    0.9950    0.9943    0.9943    0.9937    0.9936    0.9945    0.9942    0.9955    0.9967    0.9947    0.9957    0.9975    0.9949    0.9974    0.9973    0.9948    0.9936    0.9965    0.9954    0.9927    0.9939    0.9917    0.9918    0.9907    0.9894    0.9895    0.9885    0.9895    0.9887    0.9898    0.9886    0.9897    0.9891    0.9900    0.9906    0.9916
   5    0.9906    0.9896    0.9928    0.9918    0.9928    0.9938    0.9934    0.9943    0.9936    0.9946    0.9946    0.9937    0.9942    0.9933    0.9934    0.9925    0.9925    0.9936    0.9932    0.9950    0.9967    0.9940    0.9954    0.9977    0.9943    0.9977    0.9976    0.9942    0.9926    0.9965    0.9950    0.9914    0.9930    0.9901    0.9903    0.9888    0.9870    0.9872    0.9858    0.9872    0.9862    0.9875    0.9861    0.9875    0.9866    0.9879    0.9886    0.9898
   6    0.9877    0.9860    0.9911    0.9895    0.9911    0.9926    0.9920    0.9934    0.9924    0.9939    0.9939    0.9925    0.9932    0.9918    0.9920    0.9906    0.9905    0.9923    0.9917    0.9943    0.9975    0.9934    0.9955    0.9991    0.9939    0.9990    0.9988    0.9937    0.9912    0.9971    0.9949    0.9894    0.9918    0.9874    0.9877    0.9854    0.9826    0.9829    0.9808    0.9830    0.9814    0.9835    0.9812    0.9834    0.9820    0.9840    0.9851    0.9871
   7    0.9881    0.9864    0.9917    0.9901    0.9918    0.9933    0.9927    0.9942    0.9931    0.9947    0.9947    0.9932    0.9940    0.9925    0.9927    0.9912    0.9911    0.9930    0.9923    0.9951    0.9983    0.9940    0.9961    0.9999    0.9944    0.9998    0.9996    0.9942    0.9916    0.9978    0.9955    0.9897    0.9922    0.9875    0.9879    0.9855    0.9826    0.9828    0.9806    0.9830    0.9812    0.9835    0.9810    0.9834    0.9819    0.9840    0.9852    0.9873
   8    0.9871    0.9852    0.9910    0.9892    0.9911    0.9927    0.9920    0.9937    0.9925    0.9942    0.9943    0.9926    0.9935    0.9918    0.9920    0.9904    0.9906    0.9928    0.9922    0.9955    0.9991    0.9939    0.9967    1.0012    0.9947    1.0012    1.0010    0.9945    0.9915    0.9990    0.9962    0.9893    0.9923    0.9868    0.9872    0.9844    0.9809    0.9813    0.9787    0.9812    0.9793    0.9818    0.9791    0.9817    0.9801    0.9824    0.9837    0.9860
   9    0.9868    0.9847    0.9912    0.9892    0.9912    0.9931    0.9923    0.9941    0.9928    0.9947    0.9947    0.9929    0.9939    0.9920    0.9923    0.9905    0.9907    0.9932    0.9926    0.9963    0.9999    0.9942    0.9973    1.0023    0.9951    1.0023    1.0021    0.9949    0.9916    0.9999    0.9968    0.9891    0.9925    0.9863    0.9868    0.9837    0.9798    0.9802    0.9773    0.9801    0.9780    0.9807    0.9778    0.9806    0.9789    0.9814    0.9828    0.9854
  10    0.9869    0.9847    0.9916    0.9895    0.9917    0.9937    0.9928    0.9948    0.9934    0.9955    0.9955    0.9935    0.9946    0.9926    0.9929    0.9909    0.9912    0.9939    0.9933    0.9974    1.0012    0.9949    0.9984    1.0039    0.9959    1.0039    1.0037    0.9958    0.9922    1.0013    0.9979    0.9894    0.9931    0.9863    0.9869    0.9834    0.9791    0.9796    0.9764    0.9795    0.9771    0.9801    0.9769    0.9800    0.9781    0.9808    0.9824    0.9851
  11    0.9870    0.9847    0.9917    0.9896    0.9918    0.9938    0.9929    0.9950    0.9935    0.9956    0.9956    0.9936    0.9947    0.9927    0.9930    0.9910    0.9913    0.9941    0.9935    0.9976    1.0015    0.9951    0.9986    1.0042    0.9961    1.0043    1.0041    0.9960    0.9923    1.0016    0.9981    0.9895    0.9933    0.9864    0.9869    0.9834    0.9790    0.9795    0.9763    0.9794    0.9770    0.9800    0.9767    0.9799    0.9780    0.9808    0.9823    0.9851
  12    0.9871    0.9848    0.9920    0.9898    0.9921    0.9941    0.9932    0.9953    0.9938    0.9959    0.9960    0.9939    0.9950    0.9930    0.9933    0.9913    0.9916    0.9945    0.9939    0.9982    1.0021    0.9955    0.9992    1.0050    0.9966    1.0050    1.0048    0.9965    0.9927    1.0023    0.9987    0.9898    0.9937    0.9866    0.9872    0.9835    0.9790    0.9796    0.9762    0.9794    0.9769    0.9800    0.9767    0.9799    0.9779    0.9808    0.9824    0.9852
  13    0.9889    0.9864    0.9941    0.9917    0.9942    0.9964    0.9954    0.9977    0.9960    0.9983    0.9984    0.9962    0.9974    0.9951    0.9955    0.9933    0.9938    0.9971    0.9966    1.0014    1.0056    0.9982    1.0024    1.0090    0.9996    1.0091    1.0089    0.9995    0.9954    1.0061    1.0021    0.9921    0.9965    0.9885    0.9892    0.9850    0.9800    0.9807    0.9769    0.9803    0.9777    0.9810    0.9774    0.9809    0.9788    0.9818    0.9835    0.9866
  14    0.9901    0.9875    0.9954    0.9930    0.9954    0.9977    0.9967    0.9990    0.9973    0.9997    0.9997    0.9975    0.9987    0.9964    0.9968    0.9946    0.9952    0.9985    0.9981    1.0031    1.0074    0.9998    1.0042    1.0110    1.0012    1.0111    1.0109    1.0011    0.9969    1.0081    1.0039    0.9935    0.9981    0.9897    0.9905    0.9862    0.9809    0.9817    0.9777    0.9812    0.9785    0.9819    0.9782    0.9818    0.9796    0.9828    0.9845    0.9876
  15    0.9906    0.9880    0.9960    0.9935    0.9960    0.9984    0.9973    0.9997    0.9979    1.0003    1.0004    0.9981    0.9994    0.9970    0.9974    0.9952    0.9959    0.9994    0.9990    1.0043    1.0087    1.0007    1.0054    1.0125    1.0024    1.0127    1.0125    1.0023    0.9980    1.0096    1.0052    0.9944    0.9992    0.9905    0.9913    0.9868    0.9813    0.9821    0.9780    0.9816    0.9788    0.9823    0.9785    0.9822    0.9800    0.9831    0.9849    0.9881
  16    0.9897    0.9870    0.9952    0.9927    0.9952    0.9976    0.9965    0.9989    0.9971    0.9996    0.9997    0.9973    0.9986    0.9962    0.9966    0.9943    0.9950    0.9985    0.9981    1.0033    1.0077    0.9997    1.0044    1.0115    1.0013    1.0116    1.0115    1.0012    0.9968    1.0085    1.0041    0.9932    0.9980    0.9894    0.9901    0.9856    0.9801    0.9810    0.9768    0.9805    0.9777    0.9812    0.9774    0.9811    0.9788    0.9820    0.9839    0.9871
  17    0.9884    0.9856    0.9940    0.9914    0.9940    0.9965    0.9954    0.9978    0.9960    0.9985    0.9986    0.9962    0.9975    0.9951    0.9955    0.9931    0.9937    0.9972    0.9967    1.0020    1.0063    0.9983    1.0028    1.0100    0.9998    1.0101    1.0099    0.9997    0.9952    1.0069    1.0025    0.9916    0.9964    0.9877    0.9885    0.9839    0.9784    0.9792    0.9751    0.9788    0.9760    0.9796    0.9756    0.9794    0.9771    0.9804    0.9823    0.9856
  18    0.9880    0.9852    0.9936    0.9910    0.9937    0.9961    0.9950    0.9975    0.9956    0.9982    0.9983    0.9958    0.9972    0.9947    0.9951    0.9927    0.9933    0.9968    0.9963    1.0015    1.0059    0.9978    1.0024    1.0095    0.9993    1.0096    1.0094    0.9992    0.9947    1.0064    1.0020    0.9911    0.9959    0.9872    0.9880    0.9834    0.9779    0.9787    0.9745    0.9783    0.9755    0.9791    0.9751    0.9790    0.9766    0.9800    0.9818    0.9852
  19    0.9985    0.9984    0.9987    0.9986    0.9987    0.9988    0.9988    0.9989    0.9988    0.9989    0.9989    0.9988    0.9989    0.9988    0.9988    0.9987    0.9987    0.9987    0.9987    0.9988    0.9989    0.9987    0.9988    0.9989    0.9987    0.9989    0.9989    0.9986    0.9985    0.9988    0.9987    0.9984    0.9985    0.9983    0.9983    0.9982    0.9980    0.9980    0.9979    0.9981    0.9979    0.9981    0.9979    0.9981    0.9980    0.9981    0.9982    0.9983
  20    0.9959    0.9957    0.9964    0.9962    0.9964    0.9967    0.9966    0.9968    0.9966    0.9969    0.9969    0.9967    0.9968    0.9965    0.9966    0.9963    0.9962    0.9963    0.9960    0.9961    0.9961    0.9958    0.9958    0.9960    0.9957    0.9959    0.9958    0.9956    0.9953    0.9956    0.9955    0.9952    0.9953    0.9951    0.9951    0.9950    0.9948    0.9947    0.9946    0.9949    0.9947    0.9950    0.9947    0.9950    0.9948    0.9951    0.9953    0.9955
  21    0.9954    0.9951    0.9960    0.9957    0.9960    0.9962    0.9961    0.9964    0.9962    0.9964    0.9965    0.9962    0.9963    0.9961    0.9961    0.9959    0.9957    0.9958    0.9955    0.9956    0.9955    0.9953    0.9952    0.9954    0.9951    0.9953    0.9952    0.9950    0.9947    0.9950    0.9949    0.9946    0.9947    0.9944    0.9944    0.9943    0.9942    0.9941    0.9940    0.9943    0.9941    0.9944    0.9940    0.9944    0.9942    0.9945    0.9947    0.9950
  22    0.9949    0.9947    0.9956    0.9953    0.9956    0.9958    0.9957    0.9960    0.9958    0.9961    0.9961    0.9958    0.9960    0.9957    0.9957    0.9955    0.9952    0.9953    0.9950    0.9951    0.9950    0.9948    0.9947    0.9949    0.9945    0.9948    0.9947    0.9944    0.9941    0.9945    0.9943    0.9941    0.9942    0.9939    0.9939    0.9938    0.9936    0.9935    0.9934    0.9938    0.9935    0.9939    0.9935    0.9939    0.9936    0.9940    0.9942    0.9945
  23    0.9921    0.9914    0.9935    0.9929    0.9936    0.9942    0.9939    0.9945    0.9941    0.9947    0.9947    0.9942    0.9944    0.9938    0.9939    0.9933    0.9932    0.9940    0.9937    0.9947    0.9955    0.9938    0.9946    0.9961    0.9940    0.9960    0.9959    0.9939    0.9928    0.9952    0.9944    0.9921    0.9931    0.9913    0.9914    0.9905    0.9894    0.9895    0.9887    0.9896    0.9889    0.9898    0.9888    0.9898    0.9892    0.9900    0.9905    0.9913
  24    0.9887    0.9878    0.9906    0.9898    0.9907    0.9915    0.9912    0.9920    0.9914    0.9923    0.9923    0.9915    0.9919    0.9911    0.9911    0.9904    0.9903    0.9912    0.9908    0.9922    0.9930    0.9909    0.9919    0.9938    0.9910    0.9937    0.9936    0.9909    0.9895    0.9927    0.9915    0.9886    0.9898    0.9875    0.9876    0.9864    0.9850    0.9851    0.9840    0.9852    0.9843    0.9855    0.9842    0.9854    0.9847    0.9858    0.9864    0.9875
  25    0.9877    0.9866    0.9898    0.9889    0.9899    0.9908    0.9905    0.9914    0.9907    0.9917    0.9917    0.9908    0.9912    0.9903    0.9904    0.9895    0.9895    0.9907    0.9903    0.9921    0.9931    0.9904    0.9918    0.9942    0.9908    0.9942    0.9941    0.9907    0.9891    0.9930    0.9915    0.9879    0.9895    0.9866    0.9868    0.9853    0.9835    0.9837    0.9823    0.9837    0.9827    0.9840    0.9826    0.9840    0.9831    0.9843    0.9851    0.9863
  26    0.9873    0.9856    0.9908    0.9892    0.9909    0.9924    0.9918    0.9933    0.9922    0.9937    0.9938    0.9923    0.9930    0.9916    0.9917    0.9903    0.9902    0.9921    0.9914    0.9941    0.9975    0.9933    0.9954    0.9991    0.9937    0.9990    0.9988    0.9935    0.9909    0.9971    0.9948    0.9891    0.9916    0.9870    0.9874    0.9850    0.9821    0.9824    0.9803    0.9825    0.9808    0.9830    0.9806    0.9829    0.9815    0.9836    0.9847    0.9868
  27    0.9868    0.9850    0.9905    0.9888    0.9906    0.9922    0.9915    0.9931    0.9919    0.9936    0.9936    0.9921    0.9929    0.9913    0.9915    0.9900    0.9899    0.9918    0.9911    0.9939    0.9976    0.9932    0.9954    0.9992    0.9936    0.9991    0.9989    0.9934    0.9907    0.9971    0.9947    0.9888    0.9914    0.9866    0.9870    0.9846    0.9816    0.9818    0.9796    0.9820    0.9802    0.9825    0.9800    0.9824    0.9809    0.9831    0.9843    0.9864
  28    0.9854    0.9833    0.9898    0.9878    0.9899    0.9918    0.9910    0.9929    0.9915    0.9935    0.9936    0.9917    0.9927    0.9908    0.9910    0.9892    0.9890    0.9911    0.9902    0.9934    0.9987    0.9937    0.9961    1.0004    0.9940    1.0003    1.0000    0.9938    0.9906    0.9979    0.9952    0.9884    0.9913    0.9859    0.9863    0.9835    0.9801    0.9803    0.9778    0.9807    0.9785    0.9813    0.9783    0.9812    0.9794    0.9820    0.9834    0.9860
  29    0.9846    0.9822    0.9896    0.9873    0.9897    0.9918    0.9909    0.9930    0.9915    0.9937    0.9937    0.9916    0.9927    0.9906    0.9909    0.9888    0.9886    0.9909    0.9898    0.9933    0.9998    0.9943    0.9969    1.0017    0.9947    1.0015    1.0011    0.9943    0.9908    0.9988    0.9958    0.9885    0.9917    0.9857    0.9861    0.9831    0.9794    0.9796    0.9768    0.9801    0.9776    0.9807    0.9773    0.9806    0.9786    0.9815    0.9831    0.9860
  30    0.9845    0.9820    0.9897    0.9873    0.9898    0.9920    0.9911    0.9933    0.9917    0.9940    0.9940    0.9918    0.9930    0.9908    0.9911    0.9889    0.9886    0.9911    0.9900    0.9937    1.0007    0.9949    0.9977    1.0027    0.9953    1.0025    1.0021    0.9950    0.9912    0.9996    0.9965    0.9888    0.9921    0.9859    0.9863    0.9832    0.9792    0.9794    0.9765    0.9799    0.9774    0.9806    0.9771    0.9805    0.9784    0.9814    0.9831    0.9861
  31    0.9860    0.9834    0.9915    0.9890    0.9916    0.9939    0.9929    0.9952    0.9935    0.9959    0.9960    0.9937    0.9949    0.9926    0.9929    0.9906    0.9905    0.9932    0.9921    0.9962    1.0033    0.9970    1.0001    1.0056    0.9976    1.0055    1.0051    0.9973    0.9933    1.0025    0.9991    0.9906    0.9943    0.9874    0.9880    0.9845    0.9802    0.9805    0.9773    0.9809    0.9782    0.9816    0.9779    0.9815    0.9793    0.9824    0.9842    0.9874
  32    0.9862    0.9835    0.9917    0.9892    0.9918    0.9941    0.9931    0.9955    0.9937    0.9962    0.9962    0.9939    0.9952    0.9928    0.9931    0.9908    0.9908    0.9935    0.9925    0.9967    1.0039    0.9974    1.0007    1.0063    0.9980    1.0062    1.0059    0.9978    0.9937    1.0032    0.9997    0.9910    0.9947    0.9877    0.9882    0.9847    0.9803    0.9806    0.9773    0.9809    0.9782    0.9816    0.9779    0.9815    0.9793    0.9825    0.9843    0.9875
  33    0.9860    0.9833    0.9915    0.9890    0.9916    0.9940    0.9930    0.9953    0.9936    0.9961    0.9961    0.9937    0.9950    0.9926    0.9930    0.9907    0.9906    0.9934    0.9923    0.9965    1.0037    0.9972    1.0004    1.0061    0.9978    1.0060    1.0056    0.9975    0.9935    1.0029    0.9994    0.9907    0.9945    0.9875    0.9880    0.9844    0.9800    0.9803    0.9771    0.9807    0.9780    0.9814    0.9776    0.9813    0.9791    0.9823    0.9841    0.9873

Ano =    2

   1    1.0000    1.0000    1.0000    1.0000    1.0000    1.0000    1.0000    1.0000    1.0000    1.0000    1.0000    1.0000    1.0000    1.0000    1.0000    1.0000    1.0000    1.0000    1.0000    1.0000    1.0000    1.0000    1.0000    1.0000    1.0000    1.0000    1.0000    1.0000    1.0000    1.0000    1.0000    1.0000    1.0000    1.0000    1.0000    1.0000    1.0000    1.0000    1.0000    1.0000    1.0000    1.0000    1.0000    1.0000    1.0000    1.0000    1.0000    1.0000
   2    0.9988    0.9986    0.9990    0.9989    0.9990    0.9991    0.9990    0.9991    0.9991    0.9992    0.9992    0.9991    0.9991    0.9990    0.9990    0.9989    0.9989    0.9990    0.9990    0.9991    0.9992    0.9990    0.9991    0.9993    0.9990    0.9992    0.9992    0.9990    0.9988    0.9991    0.9990    0.9987    0.9988    0.9986    0.9986    0.9985    0.9983    0.9983    0.9982    0.9984    0.9983    0.9984    0.9983    0.9984    0.9983    0.9984    0.9985    0.9986
   3    0.9934    0.9928    0.9947    0.9941    0.9947    0.9952    0.9950    0.9955    0.9952    0.9957    0.9957    0.9952    0.9955    0.9950    0.9950    0.9945    0.9944    0.9950    0.9947    0.9956    0.9963    0.9950    0.9956    0.9968    0.9950    0.9968    0.9967    0.9950    0.9941    0.9961    0.9953    0.9935    0.9943    0.9928    0.9929    0.9921    0.9912    0.9912    0.9906    0.9913    0.9908    0.9915    0.9907    0.9915    0.9910    0.9917    0.9921    0.9928
   4    0.9913    0.9905    0.9931    0.9923    0.9932    0.9939    0.9936    0.9944    0.9938    0.9946    0.9946    0.9939    0.9943    0.9935    0.9936    0.9929    0.9928    0.9937    0.9933    0.9946    0.9958    0.9937    0.9947    0.9965    0.9939    0.9964    0.9963    0.9938    0.9925    0.9954    0.9943    0.9916    0.9928    0.9906    0.9908    0.9896    0.9883    0.9884    0.9873    0.9885    0.9876    0.9887    0.9875    0.9887    0.9880    0.9890    0.9896    0.9906
   5    0.9895    0.9884    0.9918    0.9907    0.9918    0.9928    0.9924    0.9934    0.9927    0.9937    0.9937    0.9928    0.9933    0.9923    0.9924    0.9914    0.9914    0.9925    0.9921    0.9938    0.9955    0.9928    0.9941    0.9964    0.9930    0.9964    0.9962    0.9929    0.9912    0.9951    0.9937    0.9900    0.9916    0.9887    0.9889    0.9874    0.9856    0.9857    0.9844    0.9858    0.9847    0.9862    0.9846    0.9861    0.9852    0.9865    0.9873    0.9886
   6    0.9859    0.9842    0.9895    0.9879    0.9896    0.9911    0.9905    0.9920    0.9909    0.9925    0.9925    0.9910    0.9918    0.9903    0.9904    0.9889    0.9888    0.9906    0.9899    0.9925    0.9956    0.9915    0.9935    0.9971    0.9918    0.9970    0.9968    0.9916    0.9890    0.9950    0.9928    0.9873    0.9896    0.9852    0.9855    0.9832    0.9804    0.9806    0.9785    0.9808    0.9791    0.9813    0.9789    0.9812    0.9798    0.9819    0.9831    0.9851
   7    0.9862    0.9844    0.9900    0.9883    0.9901    0.9917    0.9910    0.9927    0.9915    0.9932    0.9932    0.9916    0.9925    0.9908    0.9910    0.9894    0.9893    0.9912    0.9904    0.9932    0.9963    0.9919    0.9940    0.9978    0.9922    0.9977    0.9974    0.9920    0.9892    0.9956    0.9932    0.9874    0.9899    0.9852    0.9855    0.9831    0.9802    0.9804    0.9782    0.9807    0.9788    0.9812    0.9786    0.9811    0.9796    0.9818    0.9830    0.9852
   8    0.9850    0.9830    0.9891    0.9873    0.9892    0.9910    0.9903    0.9920    0.9908    0.9926    0.9926    0.9909    0.9918    0.9900    0.9903    0.9885    0.9886    0.9908    0.9901    0.9934    0.9968    0.9917    0.9944    0.9989    0.9923    0.9988    0.9986    0.9921    0.9890    0.9965    0.9937    0.9868    0.9898    0.9842    0.9847    0.9818    0.9783    0.9786    0.9760    0.9787    0.9767    0.9793    0.9764    0.9792    0.9775    0.9799    0.9813    0.9837
   9    0.9845    0.9823    0.9891    0.9870    0.9892    0.9912    0.9903    0.9923    0.9909    0.9929    0.9929    0.9910    0.9920    0.9901    0.9903    0.9884    0.9885    0.9910    0.9903    0.9940    0.9975    0.9918    0.9948    0.9998    0.9925    0.9997    0.9995    0.9923    0.9888    0.9972    0.9941    0.9864    0.9897    0.9835    0.9840    0.9808    0.9769    0.9773    0.9744    0.9773    0.9751    0.9780    0.9748    0.9779    0.9760    0.9787    0.9802    0.9829
  10    0.9844    0.9821    0.9894    0.9872    0.9895    0.9916    0.9907    0.9928    0.9913    0.9935    0.9935    0.9914    0.9926    0.9904    0.9907    0.9887    0.9888    0.9915    0.9908    0.9949    0.9986    0.9922    0.9956    1.0011    0.9931    1.0011    1.0009    0.9929    0.9891    0.9983    0.9949    0.9864    0.9901    0.9832    0.9838    0.9803    0.9759    0.9764    0.9732    0.9764    0.9740    0.9771    0.9737    0.9770    0.9750    0.9779    0.9795    0.9824
  11    0.9845    0.9820    0.9895    0.9872    0.9896    0.9917    0.9908    0.9929    0.9914    0.9936    0.9937    0.9915    0.9927    0.9905    0.9908    0.9887    0.9889    0.9917    0.9909    0.9951    0.9988    0.9924    0.9958    1.0014    0.9933    1.0014    1.0012    0.9931    0.9892    0.9986    0.9951    0.9864    0.9902    0.9832    0.9838    0.9802    0.9758    0.9763    0.9730    0.9763    0.9738    0.9770    0.9735    0.9769    0.9748    0.9778    0.9794    0.9824
  12    0.9846    0.9821    0.9897    0.9874    0.9898    0.9920    0.9910    0.9932    0.9916    0.9939    0.9940    0.9918    0.9929    0.9908    0.9911    0.9889    0.9891    0.9920    0.9913    0.9956    0.9994    0.9927    0.9963    1.0021    0.9937    1.0021    1.0019    0.9935    0.9896    0.9993    0.9957    0.9867    0.9906    0.9834    0.9840    0.9803    0.9757    0.9762    0.9728    0.9762    0.9737    0.9769    0.9734    0.9768    0.9747    0.9777    0.9794    0.9824
  13    0.9861    0.9835    0.9916    0.9891    0.9917    0.9941    0.9930    0.9954    0.9937    0.9961    0.9962    0.9938    0.9951    0.9928    0.9931    0.9908    0.9912    0.9944    0.9938    0.9986    1.0027    0.9952    0.9993    1.0059    0.9964    1.0060    1.0057    0.9963    0.9920    1.0028    0.9988    0.9887    0.9931    0.9851    0.9857    0.9816    0.9765    0.9771    0.9733    0.9769    0.9742    0.9777    0.9738    0.9776    0.9753    0.9785    0.9804    0.9836
  14    0.9873    0.9845    0.9929    0.9903    0.9929    0.9954    0.9943    0.9967    0.9949    0.9974    0.9975    0.9951    0.9964    0.9940    0.9944    0.9920    0.9925    0.9958    0.9952    1.0002    1.0044    0.9967    1.0010    1.0078    0.9980    1.0079    1.0077    0.9978    0.9934    1.0047    1.0005    0.9900    0.9946    0.9862    0.9869    0.9826    0.9773    0.9780    0.9740    0.9777    0.9749    0.9785    0.9746    0.9784    0.9761    0.9794    0.9812    0.9845
  15    0.9877    0.9850    0.9934    0.9908    0.9935    0.9959    0.9948    0.9973    0.9955    0.9981    0.9981    0.9957    0.9970    0.9946    0.9950    0.9926    0.9931    0.9966    0.9961    1.0013    1.0057    0.9976    1.0022    1.0093    0.9991    1.0094    1.0092    0.9990    0.9944    1.0062    1.0018    0.9908    0.9957    0.9869    0.9877    0.9832    0.9776    0.9784    0.9742    0.9780    0.9752    0.9788    0.9748    0.9787    0.9763    0.9797    0.9816    0.9849
  16    0.9868    0.9840    0.9926    0.9899    0.9926    0.9951    0.9940    0.9965    0.9947    0.9973    0.9973    0.9948    0.9962    0.9937    0.9941    0.9917    0.9922    0.9957    0.9951    1.0004    1.0046    0.9966    1.0011    1.0082    0.9980    1.0083    1.0081    0.9978    0.9933    1.0050    1.0006    0.9897    0.9945    0.9857    0.9865    0.9820    0.9764    0.9772    0.9730    0.9769    0.9739    0.9776    0.9736    0.9775    0.9751    0.9785    0.9805    0.9839
  17    0.9854    0.9825    0.9913    0.9886    0.9914    0.9939    0.9928    0.9954    0.9935    0.9961    0.9962    0.9936    0.9951    0.9925    0.9929    0.9904    0.9908    0.9944    0.9936    0.9989    1.0031    0.9950    0.9995    1.0066    0.9963    1.0067    1.0064    0.9962    0.9915    1.0033    0.9989    0.9879    0.9927    0.9840    0.9847    0.9802    0.9746    0.9753    0.9712    0.9751    0.9721    0.9759    0.9718    0.9758    0.9733    0.9768    0.9788    0.9823
  18    0.9849    0.9820    0.9909    0.9882    0.9910    0.9936    0.9924    0.9950    0.9931    0.9958    0.9959    0.9933    0.9947    0.9921    0.9925    0.9900    0.9904    0.9939    0.9932    0.9985    1.0026    0.9945    0.9990    1.0061    0.9959    1.0062    1.0059    0.9957    0.9910    1.0028    0.9984    0.9874    0.9922    0.9834    0.9842    0.9796    0.9741    0.9748    0.9706    0.9746    0.9716    0.9754    0.9712    0.9753    0.9728    0.9763    0.9783    0.9819
  19    0.9984    0.9982    0.9986    0.9985    0.9986    0.9987    0.9987    0.9988    0.9987    0.9988    0.9988    0.9987    0.9988    0.9987    0.9987    0.9986    0.9985    0.9986    0.9985    0.9987    0.9988    0.9985    0.9986    0.9988    0.9985    0.9988    0.9988    0.9985    0.9983    0.9986    0.9985    0.9982    0.9984    0.9981    0.9981    0.9980    0.9978    0.9978    0.9977    0.9979    0.9978    0.9979    0.9978    0.9979    0.9978    0.9980    0.9981    0.9982
  20    0.9957    0.9954    0.9962    0.9960    0.9962    0.9964    0.9964    0.9966    0.9964    0.9967    0.9967    0.9964    0.9965    0.9963    0.9963    0.9961    0.9959    0.9960    0.9958    0.9959    0.9958    0.9956    0.9955    0.9957    0.9954    0.9956    0.9955    0.9953    0.9950    0.9953    0.9952    0.9949    0.9950    0.9948    0.9947    0.9946    0.9945    0.9944    0.9943    0.9946    0.9944    0.9947    0.9944    0.9947    0.9945    0.9948    0.9950    0.9953
  21    0.9951    0.9949    0.9957    0.9955    0.9957    0.9960    0.9959    0.9961    0.9960    0.9962    0.9962    0.9960    0.9961    0.9959    0.9959    0.9956    0.9954    0.9955    0.9952    0.9953    0.9952    0.9950    0.9949    0.9951    0.9947    0.9950    0.9949    0.9947    0.9943    0.9947    0.9946    0.9943    0.9944    0.9941    0.9941    0.9940    0.9938    0.9937    0.9936    0.9940    0.9937    0.9941    0.9937    0.9941    0.9938    0.9942    0.9944    0.9947
  22    0.9946    0.9943    0.9953    0.9950    0.9953    0.9956    0.9955    0.9957    0.9956    0.9958    0.9958    0.9956    0.9957    0.9954    0.9954    0.9952    0.9949    0.9950    0.9947    0.9948    0.9947    0.9944    0.9944    0.9945    0.9942    0.9944    0.9943    0.9941    0.9937    0.9941    0.9940    0.9937    0.9938    0.9935    0.9935    0.9934    0.9932    0.9931    0.9930    0.9934    0.9931    0.9935    0.9931    0.9935    0.9932    0.9936    0.9938    0.9942
  23    0.9913    0.9906    0.9928    0.9922    0.9929    0.9935    0.9933    0.9939    0.9935    0.9941    0.9942    0.9935    0.9938    0.9932    0.9933    0.9926    0.9925    0.9932    0.9929    0.9939    0.9947    0.9930    0.9938    0.9952    0.9931    0.9952    0.9951    0.9930    0.9919    0.9943    0.9935    0.9912    0.9922    0.9904    0.9905    0.9896    0.9885    0.9885    0.9877    0.9887    0.9880    0.9889    0.9879    0.9889    0.9883    0.9891    0.9897    0.9905
  24    0.9877    0.9867    0.9897    0.9888    0.9898    0.9907    0.9903    0.9912    0.9906    0.9915    0.9915    0.9906    0.9911    0.9902    0.9903    0.9895    0.9893    0.9902    0.9898    0.9912    0.9920    0.9898    0.9908    0.9927    0.9899    0.9926    0.9924    0.9897    0.9883    0.9915    0.9903    0.9874    0.9886    0.9862    0.9864    0.9852    0.9837    0.9838    0.9827    0.9840    0.9830    0.9843    0.9829    0.9842    0.9835    0.9846    0.9853    0.9864
  25    0.9865    0.9855    0.9888    0.9878    0.9889    0.9899    0.9895    0.9905    0.9898    0.9908    0.9908    0.9899    0.9903    0.9894    0.9895    0.9885    0.9885    0.9896    0.9892    0.9909    0.9919    0.9892    0.9906    0.9930    0.9895    0.9929    0.9928    0.9894    0.9877    0.9916    0.9902    0.9865    0.9881    0.9852    0.9854    0.9839    0.9821    0.9822    0.9809    0.9823    0.9813    0.9826    0.9811    0.9826    0.9817    0.9830    0.9838    0.9851
  26    0.9854    0.9836    0.9891    0.9875    0.9892    0.9908    0.9902    0.9918    0.9906    0.9923    0.9923    0.9907    0.9915    0.9900    0.9901    0.9886    0.9885    0.9903    0.9895    0.9922    0.9955    0.9913    0.9933    0.9970    0.9916    0.9969    0.9967    0.9914    0.9887    0.9949    0.9926    0.9869    0.9893    0.9847    0.9850    0.9827    0.9798    0.9800    0.9779    0.9803    0.9785    0.9808    0.9782    0.9807    0.9792    0.9814    0.9826    0.9847
  27    0.9849    0.9830    0.9888    0.9870    0.9889    0.9905    0.9899    0.9915    0.9903    0.9920    0.9921    0.9904    0.9913    0.9896    0.9898    0.9882    0.9881    0.9899    0.9891    0.9919    0.9955    0.9911    0.9932    0.9970    0.9914    0.9969    0.9967    0.9912    0.9883    0.9948    0.9924    0.9865    0.9890    0.9842    0.9846    0.9821    0.9791    0.9793    0.9771    0.9796    0.9777    0.9802    0.9775    0.9801    0.9785    0.9808    0.9821    0.9843
  28    0.9830    0.9808    0.9877    0.9856    0.9879    0.9899    0.9890    0.9910    0.9896    0.9917    0.9917    0.9897    0.9908    0.9888    0.9890    0.9871    0.9867    0.9889    0.9878    0.9910    0.9962    0.9911    0.9935    0.9978    0.9914    0.9976    0.9973    0.9910    0.9877    0.9951    0.9923    0.9856    0.9885    0.9830    0.9834    0.9806    0.9772    0.9773    0.9748    0.9778    0.9756    0.9785    0.9753    0.9784    0.9765    0.9792    0.9808    0.9835
  29    0.9820    0.9794    0.9872    0.9849    0.9874    0.9896    0.9887    0.9909    0.9893    0.9916    0.9917    0.9894    0.9906    0.9884    0.9886    0.9864    0.9860    0.9884    0.9871    0.9906    0.9970    0.9915    0.9940    0.9988    0.9917    0.9985    0.9981    0.9913    0.9876    0.9957    0.9927    0.9853    0.9885    0.9824    0.9828    0.9798    0.9761    0.9762    0.9734    0.9769    0.9743    0.9776    0.9740    0.9775    0.9754    0.9784    0.9801    0.9831
  30    0.9817    0.9791    0.9872    0.9848    0.9874    0.9897    0.9887    0.9911    0.9894    0.9918    0.9919    0.9895    0.9908    0.9884    0.9887    0.9864    0.9860    0.9885    0.9872    0.9909    0.9978    0.9920    0.9946    0.9996    0.9922    0.9994    0.9990    0.9918    0.9879    0.9964    0.9932    0.9855    0.9888    0.9825    0.9829    0.9797    0.9758    0.9759    0.9730    0.9766    0.9739    0.9773    0.9736    0.9772    0.9750    0.9782    0.9800    0.9832
  31    0.9831    0.9804    0.9889    0.9863    0.9890    0.9915    0.9904    0.9929    0.9911    0.9937    0.9937    0.9913    0.9926    0.9901    0.9904    0.9880    0.9877    0.9904    0.9892    0.9932    1.0003    0.9939    0.9969    1.0024    0.9943    1.0022    1.0018    0.9939    0.9898    0.9991    0.9956    0.9871    0.9908    0.9839    0.9844    0.9809    0.9766    0.9768    0.9736    0.9773    0.9745    0.9781    0.9742    0.9780    0.9757    0.9790    0.9809    0.9842
  32    0.9833    0.9805    0.9891    0.9865    0.9892    0.9917    0.9906    0.9931    0.9913    0.9939    0.9939    0.9915    0.9928    0.9903    0.9907    0.9882    0.9880    0.9908    0.9895    0.9937    1.0008    0.9943    0.9974    1.0031    0.9947    1.0029    1.0025    0.9944    0.9902    0.9997    0.9962    0.9874    0.9912    0.9841    0.9846    0.9810    0.9766    0.9768    0.9736    0.9774    0.9745    0.9781    0.9741    0.9780    0.9757    0.9790    0.9809    0.9843
  33    0.9831    0.9803    0.9889    0.9863    0.9890    0.9915    0.9905    0.9930    0.9911    0.9937    0.9938    0.9913    0.9926    0.9901    0.9905    0.9880    0.9878    0.9906    0.9893    0.9935    1.0006    0.9940    0.9972    1.0028    0.9945    1.0026    1.0023    0.9941    0.9899    0.9994    0.9959    0.9872    0.9910    0.9838    0.9844    0.9808    0.9763    0.9766    0.9733    0.9771    0.9742    0.9779    0.9739    0.9778    0.9754    0.9788    0.9807    0.9841

Ano =    3

   1    1.0000    1.0000    1.0000    1.0000    1.0000    1.0000    1.0000    1.0000    1.0000    1.0000    1.0000    1.0000    1.0000    1.0000    1.0000    1.0000    1.0000    1.0000    1.0000    1.0000    1.0000    1.0000    1.0000    1.0000    1.0000    1.0000    1.0000    1.0000    1.0000    1.0000    1.0000    1.0000    1.0000    1.0000    1.0000    1.0000    1.0000    1.0000    1.0000    1.0000    1.0000    1.0000    1.0000    1.0000    1.0000    1.0000    1.0000    1.0000
   2    0.9986    0.9985    0.9989    0.9988    0.9989    0.9990    0.9989    0.9990    0.9990    0.9991    0.9991    0.9990    0.9990    0.9989    0.9989    0.9988    0.9988    0.9989    0.9988    0.9990    0.9991    0.9988    0.9989    0.9991    0.9988    0.9991    0.9991    0.9988    0.9987    0.9990    0.9989    0.9986    0.9987    0.9985    0.9985    0.9984    0.9982    0.9982    0.9981    0.9982    0.9981    0.9983    0.9981    0.9983    0.9982    0.9983    0.9984    0.9985
   3    0.9928    0.9921    0.9941    0.9935    0.9941    0.9947    0.9945    0.9950    0.9946    0.9952    0.9952    0.9947    0.9949    0.9944    0.9944    0.9939    0.9938    0.9944    0.9941    0.9950    0.9956    0.9942    0.9949    0.9961    0.9943    0.9960    0.9959    0.9942    0.9933    0.9953    0.9946    0.9927    0.9935    0.9920    0.9921    0.9913    0.9904    0.9904    0.9897    0.9906    0.9899    0.9907    0.9898    0.9907    0.9902    0.9909    0.9914    0.9921
   4    0.9904    0.9895    0.9923    0.9914    0.9923    0.9931    0.9928    0.9936    0.9931    0.9939    0.9939    0.9931    0.9935    0.9927    0.9928    0.9920    0.9919    0.9928    0.9923    0.9936    0.9948    0.9927    0.9937    0.9954    0.9928    0.9954    0.9952    0.9927    0.9913    0.9943    0.9932    0.9905    0.9917    0.9894    0.9896    0.9885    0.9871    0.9872    0.9861    0.9873    0.9864    0.9876    0.9863    0.9876    0.9868    0.9879    0.9885    0.9896
   5    0.9882    0.9871    0.9907    0.9896    0.9908    0.9918    0.9914    0.9924    0.9917    0.9927    0.9928    0.9918    0.9923    0.9913    0.9914    0.9904    0.9902    0.9914    0.9908    0.9926    0.9942    0.9915    0.9927    0.9951    0.9916    0.9950    0.9948    0.9915    0.9897    0.9937    0.9922    0.9886    0.9901    0.9872    0.9874    0.9859    0.9841    0.9842    0.9828    0.9844    0.9832    0.9847    0.9831    0.9847    0.9837    0.9851    0.9859    0.9873
   6    0.9840    0.9822    0.9878    0.9861    0.9879    0.9895    0.9888    0.9904    0.9893    0.9910    0.9910    0.9894    0.9902    0.9886    0.9888    0.9873    0.9870    0.9888    0.9879    0.9906    0.9936    0.9894    0.9914    0.9950    0.9897    0.9948    0.9946    0.9894    0.9867    0.9928    0.9905    0.9850    0.9874    0.9828    0.9831    0.9808    0.9780    0.9781    0.9761    0.9785    0.9767    0.9790    0.9765    0.9790    0.9775    0.9796    0.9809    0.9831
   7    0.9842    0.9823    0.9882    0.9864    0.9883    0.9900    0.9893    0.9910    0.9898    0.9916    0.9916    0.9899    0.9908    0.9891    0.9893    0.9876    0.9874    0.9893    0.9883    0.9911    0.9941    0.9897    0.9917    0.9955    0.9899    0.9954    0.9951    0.9897    0.9868    0.9932    0.9908    0.9849    0.9875    0.9827    0.9830    0.9806    0.9776    0.9778    0.9756    0.9782    0.9762    0.9787    0.9760    0.9787    0.9770    0.9794    0.9807    0.9830
   8    0.9828    0.9807    0.9872    0.9852    0.9873    0.9892    0.9884    0.9903    0.9889    0.9909    0.9909    0.9891    0.9900    0.9882    0.9884    0.9866    0.9865    0.9887    0.9879    0.9912    0.9945    0.9893    0.9919    0.9964    0.9898    0.9963    0.9961    0.9896    0.9863    0.9939    0.9911    0.9841    0.9872    0.9815    0.9819    0.9790    0.9755    0.9758    0.9732    0.9760    0.9739    0.9766    0.9736    0.9765    0.9748    0.9773    0.9788    0.9813
   9    0.9821    0.9798    0.9870    0.9848    0.9871    0.9891    0.9883    0.9903    0.9888    0.9910    0.9910    0.9890    0.9901    0.9880    0.9883    0.9863    0.9862    0.9887    0.9878    0.9915    0.9949    0.9891    0.9921    0.9971    0.9897    0.9970    0.9967    0.9895    0.9859    0.9943    0.9912    0.9834    0.9868    0.9805    0.9810    0.9778    0.9738    0.9741    0.9712    0.9744    0.9720    0.9750    0.9717    0.9749    0.9730    0.9758    0.9774    0.9802
  10    0.9818    0.9793    0.9871    0.9847    0.9872    0.9894    0.9885    0.9907    0.9891    0.9914    0.9915    0.9892    0.9904    0.9882    0.9885    0.9863    0.9863    0.9890    0.9881    0.9922    0.9958    0.9894    0.9926    0.9982    0.9901    0.9981    0.9978    0.9898    0.9859    0.9952    0.9918    0.9832    0.9869    0.9800    0.9805    0.9770    0.9726    0.9730    0.9698    0.9732    0.9706    0.9739    0.9703    0.9738    0.9717    0.9747    0.9765    0.9795
  11    0.9818    0.9792    0.9871    0.9847    0.9872    0.9895    0.9885    0.9908    0.9891    0.9915    0.9916    0.9893    0.9905    0.9883    0.9886    0.9863    0.9863    0.9891    0.9882    0.9924    0.9960    0.9895    0.9928    0.9985    0.9902    0.9984    0.9981    0.9900    0.9860    0.9954    0.9919    0.9832    0.9870    0.9799    0.9805    0.9769    0.9725    0.9728    0.9696    0.9730    0.9704    0.9738    0.9701    0.9737    0.9715    0.9746    0.9764    0.9795
  12    0.9819    0.9793    0.9873    0.9848    0.9874    0.9897    0.9887    0.9910    0.9894    0.9918    0.9918    0.9895    0.9907    0.9884    0.9888    0.9865    0.9865    0.9894    0.9885    0.9928    0.9965    0.9898    0.9933    0.9991    0.9906    0.9990    0.9988    0.9903    0.9863    0.9960    0.9924    0.9834    0.9873    0.9800    0.9806    0.9769    0.9723    0.9727    0.9693    0.9729    0.9702    0.9736    0.9699    0.9735    0.9713    0.9745    0.9763    0.9794
  13    0.9832    0.9804    0.9890    0.9864    0.9891    0.9916    0.9905    0.9930    0.9912    0.9938    0.9939    0.9914    0.9927    0.9903    0.9906    0.9882    0.9884    0.9916    0.9908    0.9956    0.9996    0.9921    0.9961    1.0027    0.9931    1.0026    1.0024    0.9929    0.9884    0.9994    0.9953    0.9852    0.9896    0.9814    0.9821    0.9779    0.9728    0.9733    0.9695    0.9733    0.9704    0.9741    0.9701    0.9740    0.9716    0.9750    0.9770    0.9804
  14    0.9842    0.9814    0.9902    0.9875    0.9903    0.9928    0.9917    0.9943    0.9924    0.9951    0.9951    0.9926    0.9940    0.9914    0.9918    0.9893    0.9896    0.9930    0.9921    0.9972    1.0012    0.9934    0.9976    1.0045    0.9946    1.0045    1.0042    0.9943    0.9898    1.0011    0.9969    0.9863    0.9910    0.9825    0.9832    0.9788    0.9735    0.9741    0.9701    0.9740    0.9710    0.9748    0.9707    0.9747    0.9723    0.9758    0.9778    0.9813
  15    0.9847    0.9817    0.9907    0.9879    0.9908    0.9934    0.9922    0.9948    0.9929    0.9956    0.9957    0.9931    0.9945    0.9919    0.9923    0.9898    0.9902    0.9937    0.9930    0.9982    1.0024    0.9943    0.9988    1.0059    0.9956    1.0060    1.0057    0.9954    0.9907    1.0025    0.9981    0.9871    0.9919    0.9831    0.9839    0.9793    0.9738    0.9744    0.9703    0.9743    0.9712    0.9751    0.9709    0.9750    0.9725    0.9760    0.9781    0.9816
  16    0.9837    0.9807    0.9898    0.9870    0.9899    0.9925    0.9914    0.9940    0.9921    0.9948    0.9949    0.9923    0.9937    0.9911    0.9915    0.9889    0.9892    0.9928    0.9919    0.9972    1.0013    0.9932    0.9976    1.0048    0.9944    1.0048    1.0045    0.9942    0.9895    1.0013    0.9969    0.9859    0.9907    0.9819    0.9826    0.9780    0.9725    0.9731    0.9689    0.9730    0.9699    0.9739    0.9696    0.9737    0.9712    0.9748    0.9769    0.9805
  17    0.9822    0.9791    0.9885    0.9856    0.9885    0.9913    0.9901    0.9928    0.9908    0.9936    0.9937    0.9910    0.9925    0.9898    0.9902    0.9875    0.9878    0.9913    0.9904    0.9957    0.9997    0.9916    0.9959    1.0031    0.9927    1.0031    1.0028    0.9924    0.9876    0.9995    0.9951    0.9840    0.9889    0.9800    0.9807    0.9762    0.9706    0.9712    0.9670    0.9712    0.9680    0.9721    0.9676    0.9719    0.9693    0.9730    0.9752    0.9788
  18    0.9817    0.9786    0.9881    0.9852    0.9881    0.9909    0.9897    0.9924    0.9904    0.9933    0.9933    0.9906    0.9921    0.9894    0.9898    0.9871    0.9873    0.9909    0.9899    0.9952    0.9992    0.9911    0.9954    1.0026    0.9922    1.0025    1.0022    0.9919    0.9871    0.9990    0.9945    0.9835    0.9883    0.9794    0.9802    0.9756    0.9700    0.9706    0.9664    0.9706    0.9675    0.9715    0.9671    0.9714    0.9688    0.9725    0.9746    0.9784
  19    0.9982    0.9981    0.9985    0.9984    0.9985    0.9986    0.9986    0.9987    0.9986    0.9987    0.9987    0.9986    0.9987    0.9986    0.9986    0.9985    0.9984    0.9985    0.9984    0.9985    0.9986    0.9984    0.9985    0.9986    0.9984    0.9986    0.9986    0.9983    0.9981    0.9985    0.9984    0.9981    0.9982    0.9979    0.9979    0.9978    0.9977    0.9977    0.9976    0.9977    0.9976    0.9978    0.9976    0.9978    0.9977    0.9978    0.9979    0.9981
  20    0.9954    0.9951    0.9959    0.9957    0.9960    0.9962    0.9961    0.9963    0.9962    0.9964    0.9964    0.9962    0.9963    0.9961    0.9961    0.9959    0.9957    0.9957    0.9955    0.9956    0.9955    0.9952    0.9952    0.9954    0.9950    0.9953    0.9952    0.9949    0.9946    0.9950    0.9949    0.9946    0.9947    0.9944    0.9944    0.9943    0.9941    0.9940    0.9939    0.9943    0.9940    0.9944    0.9940    0.9944    0.9941    0.9945    0.9946    0.9950
  21    0.9948    0.9945    0.9954    0.9952    0.9955    0.9957    0.9956    0.9959    0.9957    0.9960    0.9960    0.9957    0.9958    0.9956    0.9956    0.9953    0.9951    0.9952    0.9949    0.9950    0.9949    0.9946    0.9945    0.9947    0.9944    0.9946    0.9945    0.9943    0.9939    0.9943    0.9942    0.9939    0.9940    0.9937    0.9937    0.9936    0.9934    0.9933    0.9932    0.9936    0.9933    0.9937    0.9933    0.9937    0.9935    0.9938    0.9940    0.9944
  22    0.9943    0.9940    0.9950    0.9947    0.9950    0.9953    0.9952    0.9955    0.9953    0.9956    0.9956    0.9953    0.9954    0.9951    0.9952    0.9949    0.9946    0.9947    0.9944    0.9945    0.9943    0.9941    0.9940    0.9941    0.9938    0.9940    0.9939    0.9937    0.9933    0.9937    0.9936    0.9933    0.9934    0.9931    0.9931    0.9930    0.9928    0.9927    0.9926    0.9930    0.9927    0.9931    0.9927    0.9931    0.9928    0.9932    0.9934    0.9938
  23    0.9905    0.9898    0.9921    0.9914    0.9922    0.9929    0.9926    0.9933    0.9928    0.9935    0.9935    0.9929    0.9932    0.9925    0.9926    0.9919    0.9918    0.9925    0.9921    0.9931    0.9938    0.9922    0.9929    0.9943    0.9922    0.9943    0.9941    0.9921    0.9910    0.9934    0.9925    0.9903    0.9912    0.9894    0.9895    0.9886    0.9875    0.9875    0.9867    0.9877    0.9870    0.9879    0.9869    0.9879    0.9873    0.9882    0.9887    0.9896
  24    0.9866    0.9856    0.9888    0.9878    0.9889    0.9898    0.9894    0.9903    0.9897    0.9906    0.9906    0.9898    0.9902    0.9893    0.9894    0.9885    0.9883    0.9892    0.9887    0.9901    0.9908    0.9886    0.9896    0.9915    0.9886    0.9914    0.9912    0.9885    0.9870    0.9902    0.9890    0.9861    0.9873    0.9849    0.9851    0.9839    0.9824    0.9824    0.9814    0.9827    0.9817    0.9830    0.9816    0.9830    0.9821    0.9833    0.9841    0.9853
  25    0.9853    0.9842    0.9878    0.9867    0.9879    0.9889    0.9885    0.9895    0.9888    0.9898    0.9899    0.9889    0.9894    0.9884    0.9884    0.9875    0.9873    0.9885    0.9880    0.9897    0.9907    0.9879    0.9892    0.9916    0.9881    0.9915    0.9914    0.9880    0.9862    0.9902    0.9887    0.9851    0.9867    0.9837    0.9839    0.9824    0.9806    0.9807    0.9794    0.9809    0.9797    0.9812    0.9796    0.9812    0.9802    0.9816    0.9824    0.9838
  26    0.9835    0.9816    0.9874    0.9856    0.9875    0.9892    0.9885    0.9902    0.9890    0.9907    0.9907    0.9891    0.9899    0.9883    0.9885    0.9868    0.9866    0.9884    0.9875    0.9902    0.9934    0.9891    0.9911    0.9948    0.9894    0.9947    0.9944    0.9891    0.9863    0.9925    0.9902    0.9845    0.9870    0.9823    0.9826    0.9802    0.9773    0.9775    0.9753    0.9779    0.9760    0.9784    0.9757    0.9783    0.9768    0.9790    0.9804    0.9826
  27    0.9828    0.9809    0.9870    0.9851    0.9871    0.9888    0.9881    0.9899    0.9886    0.9904    0.9905    0.9887    0.9896    0.9879    0.9881    0.9864    0.9861    0.9880    0.9870    0.9899    0.9933    0.9889    0.9909    0.9948    0.9890    0.9946    0.9943    0.9888    0.9858    0.9923    0.9899    0.9840    0.9865    0.9817    0.9820    0.9796    0.9765    0.9767    0.9744    0.9771    0.9751    0.9777    0.9749    0.9776    0.9760    0.9783    0.9797    0.9821
  28    0.9806    0.9782    0.9855    0.9833    0.9857    0.9878    0.9869    0.9890    0.9875    0.9897    0.9897    0.9877    0.9887    0.9867    0.9869    0.9848    0.9844    0.9865    0.9853    0.9885    0.9936    0.9885    0.9907    0.9951    0.9885    0.9948    0.9944    0.9882    0.9847    0.9921    0.9894    0.9826    0.9855    0.9799    0.9803    0.9775    0.9741    0.9741    0.9716    0.9748    0.9724    0.9755    0.9721    0.9754    0.9734    0.9763    0.9779    0.9808
  29    0.9792    0.9765    0.9848    0.9822    0.9849    0.9873    0.9863    0.9887    0.9869    0.9894    0.9895    0.9871    0.9883    0.9860    0.9863    0.9839    0.9834    0.9857    0.9843    0.9878    0.9941    0.9885    0.9909    0.9957    0.9885    0.9954    0.9949    0.9881    0.9842    0.9923    0.9893    0.9819    0.9851    0.9790    0.9794    0.9764    0.9726    0.9726    0.9699    0.9735    0.9708    0.9742    0.9704    0.9741    0.9719    0.9751    0.9769    0.9801
  30    0.9788    0.9760    0.9846    0.9820    0.9848    0.9873    0.9863    0.9887    0.9869    0.9895    0.9896    0.9871    0.9884    0.9859    0.9862    0.9838    0.9832    0.9857    0.9842    0.9879    0.9947    0.9888    0.9913    0.9964    0.9888    0.9961    0.9956    0.9884    0.9843    0.9929    0.9898    0.9820    0.9853    0.9789    0.9793    0.9761    0.9721    0.9721    0.9692    0.9730    0.9702    0.9738    0.9698    0.9737    0.9714    0.9747    0.9767    0.9800
  31    0.9801    0.9771    0.9862    0.9834    0.9863    0.9889    0.9878    0.9904    0.9885    0.9912    0.9913    0.9887    0.9901    0.9875    0.9878    0.9853    0.9848    0.9875    0.9861    0.9901    0.9970    0.9906    0.9935    0.9990    0.9908    0.9987    0.9983    0.9904    0.9861    0.9954    0.9920    0.9834    0.9871    0.9801    0.9806    0.9771    0.9727    0.9728    0.9696    0.9736    0.9706    0.9744    0.9703    0.9743    0.9719    0.9754    0.9774    0.9809
  32    0.9802    0.9772    0.9863    0.9836    0.9865    0.9891    0.9880    0.9906    0.9887    0.9914    0.9915    0.9889    0.9903    0.9877    0.9880    0.9854    0.9850    0.9878    0.9864    0.9905    0.9975    0.9909    0.9939    0.9996    0.9912    0.9994    0.9989    0.9908    0.9864    0.9960    0.9925    0.9837    0.9875    0.9803    0.9808    0.9772    0.9727    0.9728    0.9696    0.9736    0.9706    0.9744    0.9702    0.9743    0.9718    0.9754    0.9774    0.9809
  33    0.9800    0.9770    0.9862    0.9834    0.9863    0.9889    0.9878    0.9905    0.9885    0.9913    0.9913    0.9887    0.9901    0.9875    0.9878    0.9853    0.9848    0.9876    0.9862    0.9903    0.9973    0.9907    0.9937    0.9994    0.9910    0.9991    0.9987    0.9905    0.9861    0.9958    0.9922    0.9834    0.9872    0.9800    0.9805    0.9769    0.9724    0.9726    0.9693    0.9733    0.9703    0.9742    0.9699    0.9740    0.9716    0.9751    0.9772    0.9807

Ano =    4

   1    1.0000    1.0000    1.0000    1.0000    1.0000    1.0000    1.0000    1.0000    1.0000    1.0000    1.0000    1.0000    1.0000    1.0000    1.0000    1.0000    1.0000    1.0000    1.0000    1.0000    1.0000    1.0000    1.0000    1.0000    1.0000    1.0000    1.0000    1.0000    1.0000    1.0000    1.0000    1.0000    1.0000    1.0000    1.0000    1.0000    1.0000    1.0000    1.0000    1.0000    1.0000    1.0000    1.0000    1.0000    1.0000    1.0000    1.0000    1.0000
   2    0.9985    0.9984    0.9988    0.9986    0.9988    0.9989    0.9988    0.9989    0.9989    0.9990    0.9990    0.9989    0.9989    0.9988    0.9988    0.9987    0.9987    0.9988    0.9987    0.9988    0.9989    0.9987    0.9988    0.9990    0.9987    0.9990    0.9989    0.9987    0.9985    0.9988    0.9987    0.9984    0.9985    0.9983    0.9983    0.9982    0.9980    0.9980    0.9979    0.9981    0.9980    0.9981    0.9980    0.9981    0.9980    0.9982    0.9982    0.9984
   3    0.9920    0.9914    0.9934    0.9928    0.9935    0.9941    0.9939    0.9944    0.9940    0.9946    0.9947    0.9941    0.9944    0.9938    0.9938    0.9933    0.9931    0.9937    0.9933    0.9942    0.9949    0.9935    0.9941    0.9953    0.9935    0.9952    0.9951    0.9934    0.9924    0.9945    0.9937    0.9918    0.9926    0.9911    0.9912    0.9904    0.9895    0.9895    0.9888    0.9897    0.9890    0.9899    0.9889    0.9898    0.9893    0.9901    0.9906    0.9914
   4    0.9894    0.9884    0.9914    0.9905    0.9914    0.9923    0.9920    0.9928    0.9922    0.9931    0.9931    0.9923    0.9927    0.9919    0.9919    0.9911    0.9909    0.9918    0.9913    0.9926    0.9937    0.9916    0.9925    0.9943    0.9916    0.9942    0.9940    0.9915    0.9901    0.9931    0.9920    0.9892    0.9904    0.9882    0.9883    0.9872    0.9858    0.9858    0.9848    0.9861    0.9851    0.9864    0.9850    0.9863    0.9855    0.9867    0.9874    0.9885
   5    0.9869    0.9857    0.9895    0.9884    0.9896    0.9907    0.9903    0.9913    0.9906    0.9917    0.9917    0.9907    0.9912    0.9901    0.9902    0.9892    0.9890    0.9901    0.9895    0.9912    0.9928    0.9900    0.9912    0.9936    0.9901    0.9935    0.9933    0.9899    0.9881    0.9921    0.9906    0.9870    0.9885    0.9855    0.9857    0.9842    0.9824    0.9825    0.9811    0.9827    0.9815    0.9831    0.9814    0.9830    0.9820    0.9835    0.9844    0.9859
   6    0.9819    0.9800    0.9859    0.9841    0.9860    0.9877    0.9871    0.9888    0.9876    0.9893    0.9894    0.9877    0.9886    0.9869    0.9871    0.9854    0.9850    0.9868    0.9858    0.9885    0.9914    0.9872    0.9890    0.9927    0.9873    0.9925    0.9922    0.9870    0.9842    0.9903    0.9880    0.9824    0.9848    0.9802    0.9805    0.9782    0.9754    0.9755    0.9734    0.9760    0.9740    0.9765    0.9738    0.9764    0.9748    0.9772    0.9785    0.9808
   7    0.9820    0.9799    0.9862    0.9843    0.9864    0.9882    0.9874    0.9892    0.9880    0.9898    0.9899    0.9881    0.9890    0.9872    0.9874    0.9857    0.9853    0.9871    0.9861    0.9888    0.9917    0.9873    0.9893    0.9931    0.9874    0.9928    0.9925    0.9871    0.9841    0.9905    0.9881    0.9822    0.9848    0.9799    0.9802    0.9778    0.9748    0.9749    0.9727    0.9755    0.9734    0.9761    0.9731    0.9760    0.9743    0.9767    0.9782    0.9806
   8    0.9804    0.9781    0.9850    0.9829    0.9852    0.9871    0.9863    0.9883    0.9869    0.9890    0.9890    0.9871    0.9881    0.9861    0.9864    0.9844    0.9842    0.9864    0.9854    0.9887    0.9919    0.9867    0.9892    0.9937    0.9870    0.9936    0.9933    0.9867    0.9834    0.9910    0.9882    0.9812    0.9842    0.9785    0.9789    0.9760    0.9724    0.9727    0.9700    0.9731    0.9708    0.9737    0.9705    0.9736    0.9717    0.9744    0.9760    0.9787
   9    0.9794    0.9770    0.9846    0.9822    0.9847    0.9869    0.9860    0.9882    0.9866    0.9889    0.9889    0.9868    0.9879    0.9858    0.9860    0.9839    0.9837    0.9861    0.9850    0.9888    0.9921    0.9862    0.9890    0.9941    0.9866    0.9939    0.9936    0.9863    0.9826    0.9911    0.9880    0.9801    0.9835    0.9772    0.9776    0.9744    0.9704    0.9707    0.9677    0.9711    0.9686    0.9718    0.9683    0.9717    0.9696    0.9726    0.9744    0.9773
  10    0.9789    0.9762    0.9844    0.9819    0.9846    0.9870    0.9860    0.9883    0.9866    0.9891    0.9892    0.9868    0.9881    0.9857    0.9860    0.9837    0.9835    0.9863    0.9851    0.9892    0.9927    0.9862    0.9894    0.9950    0.9867    0.9948    0.9944    0.9864    0.9823    0.9917    0.9882    0.9796    0.9833    0.9763    0.9768    0.9733    0.9689    0.9692    0.9660    0.9696    0.9669    0.9704    0.9665    0.9703    0.9680    0.9712    0.9731    0.9764
  11    0.9788    0.9761    0.9845    0.9819    0.9846    0.9870    0.9860    0.9884    0.9867    0.9892    0.9892    0.9869    0.9881    0.9858    0.9861    0.9837    0.9835    0.9863    0.9852    0.9894    0.9928    0.9863    0.9895    0.9952    0.9868    0.9950    0.9947    0.9865    0.9824    0.9919    0.9884    0.9796    0.9834    0.9763    0.9768    0.9732    0.9687    0.9690    0.9657    0.9694    0.9666    0.9702    0.9663    0.9701    0.9678    0.9711    0.9730    0.9762
  12    0.9788    0.9761    0.9846    0.9820    0.9847    0.9872    0.9862    0.9886    0.9868    0.9894    0.9895    0.9870    0.9883    0.9859    0.9862    0.9838    0.9837    0.9866    0.9854    0.9897    0.9933    0.9865    0.9899    0.9958    0.9871    0.9956    0.9953    0.9868    0.9826    0.9924    0.9888    0.9797    0.9836    0.9763    0.9768    0.9731    0.9685    0.9688    0.9654    0.9692    0.9663    0.9700    0.9660    0.9698    0.9675    0.9709    0.9728    0.9761
  13    0.9799    0.9770    0.9861    0.9833    0.9862    0.9889    0.9878    0.9904    0.9885    0.9912    0.9913    0.9887    0.9901    0.9875    0.9879    0.9853    0.9853    0.9885    0.9874    0.9923    0.9961    0.9885    0.9924    0.9990    0.9894    0.9989    0.9986    0.9891    0.9844    0.9955    0.9914    0.9812    0.9856    0.9774    0.9780    0.9738    0.9686    0.9691    0.9652    0.9693    0.9663    0.9702    0.9659    0.9700    0.9675    0.9711    0.9732    0.9768
  14    0.9809    0.9778    0.9872    0.9843    0.9873    0.9900    0.9889    0.9916    0.9896    0.9924    0.9925    0.9898    0.9913    0.9886    0.9890    0.9864    0.9864    0.9898    0.9887    0.9938    0.9976    0.9898    0.9939    1.0008    0.9907    1.0007    1.0003    0.9904    0.9857    0.9971    0.9929    0.9822    0.9869    0.9783    0.9790    0.9746    0.9692    0.9697    0.9657    0.9699    0.9668    0.9708    0.9664    0.9706    0.9681    0.9718    0.9739    0.9776
  15    0.9813    0.9782    0.9877    0.9847    0.9878    0.9905    0.9893    0.9921    0.9901    0.9929    0.9930    0.9903    0.9918    0.9891    0.9895    0.9868    0.9870    0.9905    0.9895    0.9948    0.9988    0.9906    0.9949    1.0021    0.9917    1.0021    1.0018    0.9914    0.9865    0.9985    0.9940    0.9830    0.9878    0.9789    0.9796    0.9750    0.9694    0.9700    0.9658    0.9701    0.9669    0.9710    0.9665    0.9708    0.9682    0.9719    0.9741    0.9779
  16    0.9802    0.9770    0.9867    0.9837    0.9868    0.9896    0.9884    0.9912    0.9892    0.9921    0.9922    0.9894    0.9909    0.9881    0.9886    0.9858    0.9859    0.9895    0.9884    0.9937    0.9976    0.9894    0.9937    1.0009    0.9905    1.0009    1.0005    0.9902    0.9852    0.9972    0.9927    0.9816    0.9865    0.9775    0.9782    0.9737    0.9681    0.9686    0.9644    0.9688    0.9655    0.9697    0.9651    0.9695    0.9668    0.9707    0.9729    0.9767
  17    0.9786    0.9754    0.9853    0.9822    0.9854    0.9883    0.9870    0.9899    0.9878    0.9908    0.9909    0.9881    0.9896    0.9868    0.9872    0.9844    0.9844    0.9879    0.9868    0.9920    0.9959    0.9877    0.9919    0.9991    0.9886    0.9990    0.9987    0.9883    0.9833    0.9953    0.9908    0.9797    0.9845    0.9756    0.9763    0.9717    0.9661    0.9666    0.9624    0.9668    0.9635    0.9677    0.9631    0.9676    0.9649    0.9688    0.9711    0.9750
  18    0.9781    0.9749    0.9849    0.9818    0.9850    0.9879    0.9866    0.9895    0.9874    0.9904    0.9905    0.9877    0.9892    0.9864    0.9868    0.9840    0.9839    0.9875    0.9863    0.9916    0.9954    0.9872    0.9914    0.9986    0.9881    0.9985    0.9981    0.9877    0.9827    0.9947    0.9902    0.9791    0.9840    0.9750    0.9757    0.9711    0.9655    0.9660    0.9618    0.9662    0.9629    0.9672    0.9625    0.9670    0.9643    0.9682    0.9705    0.9745
  19    0.9981    0.9979    0.9984    0.9982    0.9984    0.9985    0.9984    0.9986    0.9985    0.9986    0.9986    0.9985    0.9986    0.9984    0.9984    0.9983    0.9983    0.9984    0.9983    0.9984    0.9985    0.9982    0.9983    0.9985    0.9982    0.9984    0.9984    0.9982    0.9980    0.9983    0.9982    0.9979    0.9980    0.9978    0.9978    0.9976    0.9975    0.9975    0.9974    0.9976    0.9974    0.9976    0.9974    0.9976    0.9975    0.9976    0.9977    0.9979
  20    0.9951    0.9948    0.9957    0.9954    0.9957    0.9959    0.9959    0.9961    0.9959    0.9962    0.9962    0.9959    0.9961    0.9958    0.9958    0.9956    0.9954    0.9954    0.9952    0.9953    0.9952    0.9949    0.9948    0.9950    0.9947    0.9949    0.9948    0.9946    0.9943    0.9946    0.9945    0.9942    0.9943    0.9940    0.9940    0.9939    0.9938    0.9936    0.9936    0.9939    0.9937    0.9940    0.9936    0.9940    0.9938    0.9941    0.9943    0.9946
  21    0.9945    0.9942    0.9951    0.9948    0.9952    0.9954    0.9953    0.9956    0.9954    0.9957    0.9957    0.9954    0.9956    0.9953    0.9953    0.9950    0.9948    0.9949    0.9945    0.9947    0.9945    0.9943    0.9942    0.9943    0.9940    0.9942    0.9941    0.9939    0.9935    0.9939    0.9938    0.9935    0.9936    0.9933    0.9933    0.9932    0.9930    0.9929    0.9928    0.9932    0.9929    0.9933    0.9929    0.9933    0.9930    0.9934    0.9936    0.9940
  22    0.9939    0.9936    0.9947    0.9943    0.9947    0.9950    0.9949    0.9952    0.9950    0.9953    0.9953    0.9950    0.9951    0.9948    0.9949    0.9946    0.9943    0.9944    0.9940    0.9941    0.9939    0.9937    0.9936    0.9937    0.9934    0.9936    0.9935    0.9933    0.9929    0.9932    0.9931    0.9928    0.9929    0.9926    0.9926    0.9925    0.9923    0.9922    0.9921    0.9926    0.9922    0.9927    0.9922    0.9926    0.9924    0.9928    0.9930    0.9934
  23    0.9897    0.9889    0.9914    0.9906    0.9914    0.9921    0.9919    0.9926    0.9921    0.9928    0.9929    0.9922    0.9925    0.9918    0.9919    0.9912    0.9910    0.9917    0.9912    0.9922    0.9929    0.9912    0.9919    0.9934    0.9912    0.9933    0.9931    0.9911    0.9899    0.9924    0.9914    0.9892    0.9902    0.9883    0.9884    0.9875    0.9864    0.9864    0.9856    0.9867    0.9859    0.9869    0.9858    0.9869    0.9862    0.9872    0.9878    0.9887
  24    0.9855    0.9844    0.9878    0.9868    0.9879    0.9888    0.9885    0.9894    0.9887    0.9897    0.9897    0.9888    0.9893    0.9883    0.9884    0.9875    0.9872    0.9881    0.9875    0.9889    0.9896    0.9874    0.9883    0.9902    0.9873    0.9901    0.9899    0.9871    0.9856    0.9888    0.9876    0.9847    0.9859    0.9835    0.9836    0.9824    0.9810    0.9810    0.9799    0.9813    0.9803    0.9816    0.9801    0.9816    0.9807    0.9820    0.9828    0.9840
  25    0.9841    0.9829    0.9866    0.9855    0.9867    0.9878    0.9874    0.9885    0.9877    0.9888    0.9889    0.9878    0.9883    0.9873    0.9874    0.9863    0.9861    0.9873    0.9866    0.9884    0.9893    0.9865    0.9878    0.9902    0.9866    0.9901    0.9899    0.9865    0.9847    0.9887    0.9872    0.9835    0.9851    0.9821    0.9823    0.9808    0.9790    0.9791    0.9777    0.9793    0.9781    0.9797    0.9780    0.9796    0.9786    0.9801    0.9810    0.9824
  26    0.9813    0.9793    0.9855    0.9836    0.9856    0.9874    0.9867    0.9884    0.9872    0.9890    0.9891    0.9873    0.9882    0.9865    0.9867    0.9849    0.9845    0.9864    0.9853    0.9880    0.9911    0.9868    0.9887    0.9924    0.9869    0.9922    0.9919    0.9866    0.9836    0.9900    0.9876    0.9819    0.9843    0.9796    0.9799    0.9775    0.9746    0.9747    0.9725    0.9752    0.9732    0.9758    0.9730    0.9757    0.9741    0.9765    0.9779    0.9803
  27    0.9805    0.9785    0.9849    0.9830    0.9851    0.9869    0.9862    0.9880    0.9867    0.9886    0.9887    0.9869    0.9878    0.9860    0.9862    0.9844    0.9839    0.9858    0.9847    0.9875    0.9909    0.9864    0.9884    0.9922    0.9865    0.9920    0.9917    0.9861    0.9831    0.9896    0.9872    0.9812    0.9838    0.9789    0.9792    0.9767    0.9737    0.9737    0.9715    0.9743    0.9722    0.9749    0.9720    0.9749    0.9731    0.9756    0.9771    0.9796
  28    0.9778    0.9753    0.9831    0.9808    0.9833    0.9855    0.9846    0.9868    0.9852    0.9876    0.9876    0.9854    0.9866    0.9844    0.9846    0.9824    0.9818    0.9839    0.9825    0.9857    0.9907    0.9855    0.9876    0.9920    0.9854    0.9917    0.9913    0.9850    0.9814    0.9889    0.9861    0.9793    0.9822    0.9766    0.9769    0.9741    0.9706    0.9706    0.9681    0.9715    0.9689    0.9722    0.9686    0.9721    0.9700    0.9730    0.9748    0.9778
  29    0.9761    0.9733    0.9820    0.9794    0.9822    0.9847    0.9837    0.9862    0.9844    0.9870    0.9871    0.9846    0.9859    0.9834    0.9837    0.9812    0.9805    0.9828    0.9812    0.9847    0.9909    0.9852    0.9875    0.9923    0.9850    0.9919    0.9914    0.9845    0.9805    0.9887    0.9857    0.9782    0.9814    0.9752    0.9756    0.9725    0.9687    0.9687    0.9659    0.9697    0.9669    0.9706    0.9665    0.9704    0.9681    0.9715    0.9735    0.9768
  30    0.9756    0.9727    0.9818    0.9790    0.9820    0.9846    0.9836    0.9862    0.9843    0.9870    0.9871    0.9845    0.9858    0.9833    0.9835    0.9810    0.9802    0.9827    0.9809    0.9846    0.9913    0.9854    0.9878    0.9928    0.9852    0.9924    0.9919    0.9847    0.9804    0.9891    0.9859    0.9781    0.9814    0.9749    0.9753    0.9721    0.9681    0.9680    0.9651    0.9691    0.9661    0.9700    0.9658    0.9699    0.9674    0.9709    0.9730    0.9766
  31    0.9767    0.9736    0.9832    0.9803    0.9834    0.9861    0.9850    0.9877    0.9857    0.9886    0.9887    0.9860    0.9874    0.9847    0.9850    0.9823    0.9816    0.9843    0.9826    0.9867    0.9935    0.9870    0.9897    0.9953    0.9870    0.9949    0.9944    0.9865    0.9820    0.9914    0.9879    0.9793    0.9830    0.9759    0.9764    0.9728    0.9685    0.9685    0.9653    0.9695    0.9664    0.9704    0.9660    0.9703    0.9677    0.9714    0.9736    0.9773
  32    0.9768    0.9737    0.9833    0.9804    0.9835    0.9863    0.9851    0.9879    0.9859    0.9888    0.9889    0.9861    0.9876    0.9848    0.9852    0.9824    0.9818    0.9846    0.9829    0.9871    0.9939    0.9873    0.9901    0.9959    0.9873    0.9955    0.9950    0.9868    0.9823    0.9920    0.9884    0.9796    0.9833    0.9761    0.9765    0.9729    0.9684    0.9685    0.9652    0.9695    0.9662    0.9703    0.9659    0.9702    0.9676    0.9714    0.9735    0.9773
  33    0.9766    0.9734    0.9831    0.9802    0.9833    0.9861    0.9849    0.9877    0.9857    0.9886    0.9887    0.9859    0.9874    0.9846    0.9850    0.9822    0.9816    0.9844    0.9827    0.9869    0.9937    0.9870    0.9899    0.9956    0.9871    0.9953    0.9948    0.9866    0.9820    0.9917    0.9881    0.9793    0.9831    0.9758    0.9763    0.9726    0.9681    0.9682    0.9649    0.9692    0.9660    0.9701    0.9656    0.9699    0.9673    0.9711    0.9733    0.9770

Ano =    5

   1    1.0000    1.0000    1.0000    1.0000    1.0000    1.0000    1.0000    1.0000    1.0000    1.0000    1.0000    1.0000    1.0000    1.0000    1.0000    1.0000    1.0000    1.0000    1.0000    1.0000    1.0000    1.0000    1.0000    1.0000    1.0000    1.0000    1.0000    1.0000    1.0000    1.0000    1.0000    1.0000    1.0000    1.0000    1.0000    1.0000    1.0000    1.0000    1.0000    1.0000    1.0000    1.0000    1.0000    1.0000    1.0000    1.0000    1.0000    1.0000
   2    0.9984    0.9983    0.9986    0.9985    0.9987    0.9988    0.9987    0.9988    0.9988    0.9989    0.9989    0.9988    0.9988    0.9987    0.9987    0.9986    0.9986    0.9987    0.9986    0.9987    0.9988    0.9986    0.9987    0.9988    0.9985    0.9988    0.9988    0.9985    0.9984    0.9987    0.9986    0.9983    0.9984    0.9981    0.9982    0.9980    0.9979    0.9979    0.9978    0.9979    0.9978    0.9980    0.9978    0.9980    0.9979    0.9980    0.9981    0.9982
   3    0.9913    0.9906    0.9928    0.9921    0.9928    0.9935    0.9932    0.9938    0.9934    0.9941    0.9941    0.9935    0.9938    0.9932    0.9932    0.9926    0.9924    0.9930    0.9926    0.9935    0.9941    0.9927    0.9932    0.9945    0.9926    0.9944    0.9942    0.9925    0.9915    0.9936    0.9928    0.9909    0.9917    0.9902    0.9903    0.9895    0.9885    0.9885    0.9878    0.9888    0.9881    0.9890    0.9880    0.9890    0.9884    0.9892    0.9897    0.9906
   4    0.9883    0.9873    0.9904    0.9895    0.9905    0.9914    0.9911    0.9919    0.9913    0.9922    0.9923    0.9914    0.9918    0.9910    0.9910    0.9902    0.9899    0.9908    0.9902    0.9915    0.9925    0.9905    0.9913    0.9931    0.9904    0.9930    0.9928    0.9903    0.9888    0.9918    0.9907    0.9880    0.9891    0.9869    0.9870    0.9859    0.9845    0.9845    0.9835    0.9848    0.9838    0.9851    0.9837    0.9850    0.9842    0.9854    0.9862    0.9873
   5    0.9855    0.9843    0.9883    0.9871    0.9884    0.9895    0.9891    0.9902    0.9894    0.9906    0.9907    0.9895    0.9901    0.9890    0.9891    0.9880    0.9877    0.9888    0.9881    0.9898    0.9913    0.9885    0.9897    0.9921    0.9885    0.9919    0.9917    0.9883    0.9864    0.9905    0.9890    0.9853    0.9869    0.9838    0.9840    0.9825    0.9806    0.9807    0.9793    0.9811    0.9798    0.9815    0.9796    0.9814    0.9803    0.9819    0.9828    0.9844
   6    0.9798    0.9777    0.9840    0.9821    0.9842    0.9859    0.9853    0.9870    0.9858    0.9876    0.9877    0.9859    0.9868    0.9851    0.9853    0.9835    0.9830    0.9848    0.9836    0.9863    0.9891    0.9849    0.9866    0.9903    0.9848    0.9900    0.9897    0.9845    0.9815    0.9877    0.9854    0.9798    0.9822    0.9776    0.9778    0.9755    0.9727    0.9727    0.9706    0.9734    0.9713    0.9739    0.9710    0.9738    0.9722    0.9746    0.9761    0.9785
   7    0.9797    0.9775    0.9842    0.9822    0.9843    0.9863    0.9855    0.9874    0.9861    0.9880    0.9881    0.9862    0.9872    0.9853    0.9855    0.9836    0.9831    0.9850    0.9837    0.9865    0.9893    0.9848    0.9867    0.9905    0.9848    0.9902    0.9899    0.9844    0.9813    0.9878    0.9854    0.9795    0.9820    0.9771    0.9774    0.9749    0.9719    0.9719    0.9697    0.9727    0.9705    0.9733    0.9702    0.9732    0.9714    0.9740    0.9756    0.9782
   8    0.9779    0.9755    0.9828    0.9806    0.9830    0.9850    0.9842    0.9863    0.9848    0.9870    0.9871    0.9850    0.9861    0.9840    0.9842    0.9822    0.9818    0.9840    0.9829    0.9862    0.9893    0.9840    0.9864    0.9910    0.9842    0.9908    0.9904    0.9838    0.9803    0.9881    0.9852    0.9781    0.9812    0.9754    0.9758    0.9729    0.9693    0.9694    0.9668    0.9700    0.9676    0.9707    0.9673    0.9706    0.9686    0.9715    0.9732    0.9760
   9    0.9767    0.9741    0.9821    0.9797    0.9823    0.9846    0.9837    0.9859    0.9843    0.9867    0.9868    0.9845    0.9857    0.9834    0.9837    0.9814    0.9810    0.9835    0.9822    0.9860    0.9892    0.9833    0.9860    0.9911    0.9835    0.9908    0.9904    0.9831    0.9793    0.9879    0.9847    0.9768    0.9802    0.9737    0.9742    0.9709    0.9669    0.9671    0.9642    0.9677    0.9651    0.9685    0.9647    0.9684    0.9662    0.9693    0.9712    0.9743
  10    0.9759    0.9731    0.9818    0.9791    0.9820    0.9845    0.9834    0.9859    0.9842    0.9868    0.9868    0.9844    0.9857    0.9832    0.9835    0.9811    0.9807    0.9834    0.9821    0.9862    0.9895    0.9830    0.9860    0.9917    0.9833    0.9914    0.9910    0.9829    0.9787    0.9882    0.9847    0.9760    0.9797    0.9726    0.9731    0.9695    0.9651    0.9653    0.9621    0.9659    0.9631    0.9668    0.9627    0.9666    0.9643    0.9677    0.9697    0.9731
  11    0.9758    0.9730    0.9818    0.9791    0.9819    0.9845    0.9834    0.9860    0.9842    0.9868    0.9869    0.9844    0.9857    0.9832    0.9835    0.9810    0.9807    0.9835    0.9821    0.9863    0.9896    0.9830    0.9861    0.9918    0.9834    0.9916    0.9912    0.9830    0.9787    0.9883    0.9848    0.9759    0.9797    0.9725    0.9730    0.9694    0.9649    0.9651    0.9618    0.9657    0.9628    0.9665    0.9624    0.9664    0.9640    0.9675    0.9695    0.9730
  12    0.9758    0.9728    0.9818    0.9791    0.9820    0.9846    0.9835    0.9861    0.9843    0.9870    0.9870    0.9845    0.9859    0.9833    0.9836    0.9811    0.9807    0.9836    0.9823    0.9866    0.9900    0.9832    0.9864    0.9923    0.9836    0.9921    0.9917    0.9832    0.9788    0.9888    0.9851    0.9759    0.9799    0.9724    0.9730    0.9692    0.9646    0.9648    0.9614    0.9654    0.9624    0.9662    0.9620    0.9661    0.9637    0.9672    0.9693    0.9728
  13    0.9766    0.9735    0.9832    0.9802    0.9833    0.9861    0.9849    0.9877    0.9857    0.9886    0.9887    0.9860    0.9875    0.9847    0.9851    0.9823    0.9821    0.9854    0.9841    0.9889    0.9926    0.9849    0.9887    0.9953    0.9856    0.9952    0.9948    0.9852    0.9804    0.9915    0.9874    0.9771    0.9816    0.9732    0.9738    0.9696    0.9644    0.9648    0.9609    0.9652    0.9620    0.9661    0.9616    0.9660    0.9633    0.9671    0.9694    0.9732
  14    0.9775    0.9743    0.9842    0.9811    0.9843    0.9872    0.9860    0.9888    0.9868    0.9897    0.9898    0.9870    0.9885    0.9857    0.9861    0.9833    0.9832    0.9866    0.9852    0.9903    0.9940    0.9861    0.9900    0.9970    0.9868    0.9968    0.9964    0.9865    0.9815    0.9931    0.9888    0.9781    0.9827    0.9741    0.9747    0.9703    0.9649    0.9653    0.9613    0.9657    0.9624    0.9666    0.9620    0.9665    0.9638    0.9677    0.9700    0.9739
  15    0.9778    0.9745    0.9846    0.9815    0.9847    0.9876    0.9864    0.9893    0.9872    0.9902    0.9903    0.9874    0.9890    0.9861    0.9865    0.9837    0.9837    0.9872    0.9860    0.9913    0.9951    0.9869    0.9911    0.9983    0.9877    0.9982    0.9978    0.9874    0.9823    0.9944    0.9899    0.9787    0.9836    0.9746    0.9753    0.9707    0.9650    0.9655    0.9613    0.9658    0.9624    0.9668    0.9620    0.9666    0.9638    0.9678    0.9702    0.9741
  16    0.9767    0.9733    0.9836    0.9804    0.9837    0.9867    0.9854    0.9884    0.9862    0.9893    0.9894    0.9865    0.9881    0.9852    0.9856    0.9827    0.9826    0.9861    0.9848    0.9901    0.9939    0.9856    0.9898    0.9970    0.9864    0.9969    0.9965    0.9861    0.9809    0.9930    0.9885    0.9774    0.9822    0.9732    0.9738    0.9692    0.9636    0.9641    0.9599    0.9644    0.9610    0.9654    0.9606    0.9652    0.9624    0.9665    0.9688    0.9729
  17    0.9750    0.9716    0.9821    0.9789    0.9822    0.9852    0.9840    0.9870    0.9848    0.9880    0.9881    0.9851    0.9867    0.9837    0.9841    0.9812    0.9810    0.9845    0.9831    0.9884    0.9921    0.9838    0.9879    0.9951    0.9845    0.9949    0.9945    0.9841    0.9789    0.9910    0.9865    0.9753    0.9801    0.9711    0.9717    0.9671    0.9615    0.9619    0.9577    0.9624    0.9589    0.9634    0.9584    0.9632    0.9603    0.9645    0.9669    0.9710
  18    0.9745    0.9710    0.9816    0.9784    0.9818    0.9848    0.9835    0.9866    0.9844    0.9876    0.9877    0.9847    0.9863    0.9833    0.9837    0.9807    0.9805    0.9840    0.9826    0.9879    0.9916    0.9832    0.9873    0.9946    0.9839    0.9944    0.9939    0.9835    0.9782    0.9904    0.9859    0.9747    0.9795    0.9704    0.9711    0.9665    0.9608    0.9612    0.9570    0.9618    0.9582    0.9627    0.9578    0.9626    0.9597    0.9639    0.9663    0.9705
  19    0.9979    0.9978    0.9982    0.9981    0.9982    0.9984    0.9983    0.9984    0.9984    0.9985    0.9985    0.9984    0.9984    0.9983    0.9983    0.9982    0.9981    0.9982    0.9981    0.9982    0.9983    0.9981    0.9981    0.9983    0.9980    0.9983    0.9982    0.9980    0.9978    0.9981    0.9980    0.9977    0.9978    0.9976    0.9976    0.9975    0.9973    0.9973    0.9972    0.9974    0.9972    0.9974    0.9972    0.9974    0.9973    0.9975    0.9976    0.9977
  20    0.9948    0.9945    0.9954    0.9951    0.9954    0.9957    0.9956    0.9958    0.9957    0.9959    0.9959    0.9957    0.9958    0.9956    0.9956    0.9953    0.9951    0.9951    0.9948    0.9949    0.9948    0.9946    0.9945    0.9947    0.9943    0.9946    0.9945    0.9942    0.9939    0.9942    0.9941    0.9938    0.9939    0.9936    0.9936    0.9935    0.9934    0.9932    0.9932    0.9935    0.9933    0.9936    0.9932    0.9936    0.9934    0.9937    0.9939    0.9943
  21    0.9941    0.9938    0.9948    0.9945    0.9949    0.9951    0.9950    0.9953    0.9951    0.9954    0.9954    0.9952    0.9953    0.9950    0.9950    0.9947    0.9945    0.9945    0.9942    0.9943    0.9941    0.9939    0.9938    0.9939    0.9936    0.9938    0.9937    0.9935    0.9931    0.9935    0.9933    0.9931    0.9932    0.9929    0.9928    0.9927    0.9926    0.9924    0.9924    0.9928    0.9925    0.9929    0.9924    0.9929    0.9926    0.9930    0.9932    0.9936
  22    0.9936    0.9932    0.9943    0.9940    0.9944    0.9947    0.9946    0.9949    0.9947    0.9950    0.9950    0.9947    0.9948    0.9945    0.9945    0.9942    0.9939    0.9940    0.9936    0.9937    0.9935    0.9933    0.9931    0.9933    0.9929    0.9932    0.9930    0.9928    0.9924    0.9928    0.9927    0.9924    0.9925    0.9922    0.9921    0.9920    0.9919    0.9917    0.9916    0.9921    0.9918    0.9922    0.9917    0.9922    0.9919    0.9923    0.9926    0.9930
  23    0.9888    0.9879    0.9906    0.9898    0.9906    0.9914    0.9911    0.9919    0.9913    0.9921    0.9921    0.9914    0.9918    0.9910    0.9911    0.9904    0.9901    0.9908    0.9903    0.9913    0.9919    0.9902    0.9909    0.9924    0.9902    0.9922    0.9921    0.9900    0.9888    0.9913    0.9904    0.9881    0.9891    0.9872    0.9873    0.9864    0.9853    0.9852    0.9844    0.9856    0.9847    0.9858    0.9846    0.9858    0.9851    0.9861    0.9867    0.9877
  24    0.9843    0.9832    0.9867    0.9856    0.9868    0.9878    0.9874    0.9884    0.9877    0.9888    0.9888    0.9878    0.9883    0.9873    0.9874    0.9864    0.9860    0.9870    0.9863    0.9877    0.9883    0.9860    0.9869    0.9888    0.9859    0.9887    0.9885    0.9857    0.9841    0.9874    0.9862    0.9832    0.9845    0.9820    0.9821    0.9809    0.9794    0.9794    0.9783    0.9798    0.9787    0.9802    0.9786    0.9801    0.9792    0.9805    0.9814    0.9827
  25    0.9827    0.9815    0.9854    0.9842    0.9855    0.9866    0.9863    0.9874    0.9866    0.9878    0.9878    0.9867    0.9872    0.9861    0.9862    0.9851    0.9848    0.9860    0.9853    0.9870    0.9878    0.9850    0.9862    0.9886    0.9851    0.9885    0.9883    0.9849    0.9830    0.9870    0.9855    0.9819    0.9834    0.9804    0.9806    0.9791    0.9773    0.9773    0.9760    0.9777    0.9764    0.9780    0.9762    0.9780    0.9769    0.9785    0.9794    0.9809
  26    0.9791    0.9770    0.9835    0.9815    0.9836    0.9855    0.9848    0.9866    0.9853    0.9873    0.9873    0.9855    0.9864    0.9846    0.9848    0.9830    0.9824    0.9843    0.9830    0.9858    0.9888    0.9844    0.9862    0.9900    0.9843    0.9897    0.9893    0.9840    0.9809    0.9873    0.9850    0.9792    0.9816    0.9768    0.9771    0.9747    0.9718    0.9718    0.9697    0.9725    0.9704    0.9731    0.9701    0.9730    0.9713    0.9738    0.9753    0.9779
  27    0.9782    0.9760    0.9829    0.9808    0.9830    0.9850    0.9842    0.9861    0.9848    0.9868    0.9869    0.9849    0.9859    0.9840    0.9842    0.9823    0.9817    0.9836    0.9823    0.9852    0.9884    0.9839    0.9857    0.9896    0.9838    0.9894    0.9890    0.9834    0.9802    0.9869    0.9844    0.9784    0.9809    0.9760    0.9763    0.9738    0.9707    0.9707    0.9685    0.9715    0.9693    0.9721    0.9690    0.9720    0.9702    0.9729    0.9745    0.9771
  28    0.9750    0.9724    0.9806    0.9781    0.9808    0.9831    0.9822    0.9846    0.9829    0.9854    0.9854    0.9831    0.9843    0.9820    0.9822    0.9799    0.9791    0.9813    0.9796    0.9829    0.9877    0.9825    0.9845    0.9889    0.9822    0.9885    0.9880    0.9817    0.9779    0.9855    0.9827    0.9759    0.9788    0.9731    0.9734    0.9706    0.9671    0.9670    0.9645    0.9681    0.9654    0.9688    0.9650    0.9687    0.9665    0.9697    0.9716    0.9748
  29    0.9730    0.9700    0.9792    0.9764    0.9794    0.9821    0.9810    0.9837    0.9818    0.9845    0.9846    0.9820    0.9834    0.9807    0.9810    0.9784    0.9775    0.9798    0.9780    0.9815    0.9875    0.9818    0.9839    0.9888    0.9814    0.9883    0.9877    0.9809    0.9766    0.9850    0.9819    0.9744    0.9776    0.9713    0.9716    0.9686    0.9648    0.9646    0.9618    0.9659    0.9629    0.9668    0.9625    0.9666    0.9641    0.9677    0.9699    0.9734
  30    0.9723    0.9692    0.9789    0.9759    0.9791    0.9818    0.9807    0.9835    0.9815    0.9844    0.9845    0.9818    0.9832    0.9805    0.9807    0.9780    0.9771    0.9795    0.9776    0.9813    0.9878    0.9818    0.9841    0.9892    0.9814    0.9887    0.9881    0.9808    0.9764    0.9852    0.9820    0.9741    0.9774    0.9708    0.9712    0.9679    0.9639    0.9638    0.9609    0.9651    0.9619    0.9660    0.9615    0.9659    0.9633    0.9670    0.9693    0.9730
  31    0.9732    0.9700    0.9801    0.9770    0.9803    0.9832    0.9820    0.9849    0.9829    0.9859    0.9860    0.9831    0.9846    0.9817    0.9821    0.9792    0.9783    0.9810    0.9791    0.9832    0.9898    0.9832    0.9859    0.9914    0.9830    0.9910    0.9904    0.9824    0.9777    0.9873    0.9838    0.9751    0.9788    0.9716    0.9720    0.9685    0.9641    0.9640    0.9608    0.9653    0.9619    0.9662    0.9615    0.9661    0.9633    0.9673    0.9696    0.9735
  32    0.9733    0.9700    0.9802    0.9771    0.9804    0.9833    0.9821    0.9851    0.9830    0.9860    0.9861    0.9832    0.9847    0.9818    0.9822    0.9793    0.9785    0.9813    0.9793    0.9835    0.9902    0.9835    0.9862    0.9920    0.9833    0.9915    0.9910    0.9828    0.9780    0.9878    0.9842    0.9753    0.9791    0.9717    0.9722    0.9685    0.9640    0.9640    0.9607    0.9652    0.9618    0.9661    0.9614    0.9660    0.9632    0.9672    0.9695    0.9735
  33    0.9731    0.9697    0.9800    0.9769    0.9802    0.9831    0.9819    0.9849    0.9828    0.9858    0.9859    0.9830    0.9846    0.9816    0.9820    0.9791    0.9782    0.9810    0.9791    0.9833    0.9900    0.9832    0.9860    0.9917    0.9831    0.9913    0.9907    0.9825    0.9777    0.9875    0.9839    0.9750    0.9788    0.9714    0.9719    0.9682    0.9637    0.9637    0.9604    0.9649    0.9615    0.9658    0.9611    0.9657    0.9629    0.9669    0.9692    0.9732


||  =========  ||  =========  ||  =========  ||  =========  ||  =========  ||  =========    


||  =========  ||  =========  ||  =========  ||  =========  ||  =========  ||  =========    

Tensão Máxima = 1.0127
Tensao Minima = 0.9570

||  =========  ||  =========  ||  =========  ||  =========  ||  =========  ||  =========    



Bancos de capacitores Fixos


4	0 
7	1 
14	1 
19	0 
25	1 
29	0 
30	1 
31	1 

Bancos de capacitores Chaveados

Hora	0	1	2	3	4	5	6	7	8	9	10	11	12	13	14	15	16	17	18	19	20	21	22	23
4	0 	0 	0 	0 	0 	0 	0 	0 	0 	0 	0 	0 	0 	0 	0 	0 	0 	0 	0 	0 	0 	0 	0 	0 
7	0 	0 	0 	0 	0 	0 	0 	0 	0 	0 	0 	0 	0 	0 	0 	0 	0 	0 	0 	0 	0 	0 	0 	0 
14	0 	0 	0 	0 	0 	0 	0 	0 	0 	0 	0 	0 	0 	0 	0 	0 	0 	0 	0 	0 	0 	0 	0 	0 
19	0 	0 	0 	0 	0 	0 	0 	0 	0 	0 	0 	0 	0 	0 	0 	0 	0 	0 	0 	0 	0 	0 	0 	0 
25	0 	0 	0 	0 	0 	0 	0 	0 	0 	0 	0 	0 	0 	0 	0 	0 	0 	0 	0 	0 	0 	0 	0 	0 
29	0 	0 	0 	0 	0 	0 	0 	0 	0 	0 	0 	0 	0 	0 	0 	0 	0 	0 	0 	0 	0 	0 	0 	0 
30	0 	0 	0 	0 	0 	0 	0 	0 	0 	0 	1 	1 	1 	1 	1 	1 	1 	1 	1 	1 	1 	1 	1 	1 
31	0 	0 	0 	0 	0 	0 	0 	0 	0 	0 	0 	0 	0 	0 	0 	0 	0 	0 	0 	0 	0 	0 	0 	0 

||  =========  ||  =========  ||  =========  ||  =========  ||  =========  ||  =========    



Geradores Distribuidos

Hora		0			1			2			3			4			5			6			7			8			9			10			11			12			13			14			15			16			17			18			19			20			21			22			23	
15	399.99	3.17	 	399.87	10.42	 	399.69	15.68	 	399.50	20.03	 	399.38	22.31	 	399.36	22.61	 	399.57	18.52	 	399.75	14.05	 	399.95	6.27	 	400.00	2.22	 	399.96	5.58	 	399.99	3.15	 	400.00	2.15	 	400.00	1.52	 	400.00	0.86	 	400.00	0.93	 	400.00	0.67	 	400.00	-0.92	 	400.00	-1.07	 	400.00	-0.96	 	400.00	0.32	 	400.00	0.24	 	400.00	1.47	 	399.97	4.97	 
32	399.96	-5.91	 	400.00	1.35	 	399.97	5.39	 	399.90	8.98	 	399.84	11.42	 	399.83	11.77	 	399.92	8.22	 	399.99	3.22	 	400.00	-1.97	 	399.97	-5.32	 	399.94	7.18	 	399.98	4.14	 	399.99	2.79	 	400.00	1.96	 	400.00	1.02	 	400.00	1.11	 	400.00	0.99	 	400.00	-0.98	 	400.00	-1.14	 	400.00	-0.97	 	400.00	0.87	 	400.00	0.58	 	400.00	1.64	 	399.95	6.56	 

Geradores Fotovoltaicos

Cenario 1


8	0.00	0.00	0.00	0.00	0.00	0.00	0.00	0.00	0.00	0.00	0.00	0.00	0.00	0.00	1.70	0.00	39.43	0.00	114.72	0.00	238.61	0.00	232.35	0.00	207.95	0.00	343.99	0.00	200.84	0.00	278.88	0.00	211.30	0.00	132.35	0.00	20.98	0.00	0.30	0.00	0.00	0.00	0.00	0.00	0.00	0.00	0.00	0.00
15	0.00	0.00	0.00	0.00	0.00	0.00	0.00	0.00	0.00	0.00	0.00	0.00	0.00	0.00	1.70	0.00	39.43	0.00	114.72	0.00	238.61	0.00	232.35	0.00	207.95	0.00	343.99	0.00	200.84	0.00	278.88	0.00	211.30	0.00	132.35	0.00	20.98	0.00	0.30	0.00	0.00	0.00	0.00	0.00	0.00	0.00	0.00	0.00
25	0.00	0.00	0.00	0.00	0.00	0.00	0.00	0.00	0.00	0.00	0.00	0.00	0.00	0.00	1.70	0.00	39.43	0.00	114.72	0.00	238.61	0.00	232.35	0.00	207.95	0.00	343.99	0.00	200.84	0.00	278.88	0.00	211.30	0.00	132.35	0.00	20.98	0.00	0.30	0.00	0.00	0.00	0.00	0.00	0.00	0.00	0.00	0.00
32	0.00	0.00	0.00	0.00	0.00	0.00	0.00	0.00	0.00	0.00	0.00	0.00	0.00	0.00	1.70	0.00	39.43	0.00	114.72	0.00	238.61	0.00	232.35	0.00	207.95	0.00	343.99	0.00	200.84	0.00	278.88	0.00	211.30	0.00	132.35	0.00	20.98	0.00	0.30	0.00	0.00	0.00	0.00	0.00	0.00	0.00	0.00	0.00

Cenario 2


8	0.00	0.00	0.00	0.00	0.00	0.00	0.00	0.00	0.00	0.00	0.00	0.00	0.00	0.00	3.08	0.00	81.34	0.00	177.98	0.00	151.61	0.00	317.22	0.00	334.15	0.00	219.69	0.00	327.86	0.00	152.95	0.00	119.45	0.00	80.47	0.00	48.59	0.00	0.30	0.00	0.00	0.00	0.00	0.00	0.00	0.00	0.00	0.00
15	0.00	0.00	0.00	0.00	0.00	0.00	0.00	0.00	0.00	0.00	0.00	0.00	0.00	0.00	3.08	0.00	81.34	0.00	177.98	0.00	151.61	0.00	317.22	0.00	334.15	0.00	219.69	0.00	327.86	0.00	152.95	0.00	119.45	0.00	80.47	0.00	48.59	0.00	0.30	0.00	0.00	0.00	0.00	0.00	0.00	0.00	0.00	0.00
25	0.00	0.00	0.00	0.00	0.00	0.00	0.00	0.00	0.00	0.00	0.00	0.00	0.00	0.00	3.08	0.00	81.34	0.00	177.98	0.00	151.61	0.00	317.22	0.00	334.15	0.00	219.69	0.00	327.86	0.00	152.95	0.00	119.45	0.00	80.47	0.00	48.59	0.00	0.30	0.00	0.00	0.00	0.00	0.00	0.00	0.00	0.00	0.00
32	0.00	0.00	0.00	0.00	0.00	0.00	0.00	0.00	0.00	0.00	0.00	0.00	0.00	0.00	3.08	0.00	81.34	0.00	177.98	0.00	151.61	0.00	317.22	0.00	334.15	0.00	219.69	0.00	327.86	0.00	152.95	0.00	119.45	0.00	80.47	0.00	48.59	0.00	0.30	0.00	0.00	0.00	0.00	0.00	0.00	0.00	0.00	0.00

time() - startTime = 136



||  =========  ||  =========  ||  =========  ||  =========  ||  =========  ||  ========= 

Paineis Fotovoltaicos


8 	 1
15 	 1
25 	 1
32 	 1

||  =========  ||  =========  ||  =========  ||  =========  ||  =========  ||  =========    

Funcao Objetivo    =     8605524.3338 

||  =========  ||  =========  ||  =========  ||  =========  ||  =========  ||  =========    

CustoEnergiaSE = 4513000

CustoEmissao = 1872630

CustoInvBCF = 7819.95

CustoInvBCC = 2081

CustoInvPV = 8e+05

CustoInvGD = 254400

CustoOeM = 279402

CustoEnergiaGD = 876188

Qcbf [*] :=
 1  0      6  0     11  0     16  0     21  0     26  0     31 -0.3
 2  0      7 -0.3   12  0     17  0     22  0     27  0     32  0
 3  0      8  0     13  0     18  0     23  0     28  0     33  0
 4  0      9  0     14 -0.3   19  0     24  0     29  0
 5  0     10  0     15  0     20  0     25 -0.3   30 -0.3
;

Ncb_max [*] :=
 1 0    4 0    7 0   10 0   13 0   16 0   19 0   22 0   25 0   28 0   31 0
 2 0    5 0    8 0   11 0   14 0   17 0   20 0   23 0   26 0   29 0   32 0
 3 0    6 0    9 0   12 0   15 0   18 0   21 0   24 0   27 0   30 1   33 0
;

Qcb [*,*,1]
:    0   1   2   3   4   5   6   7   8   9    10     11     12     13     14 :=
1    0   0   0   0   0   0   0   0   0   0    0      0      0      0      0
2    0   0   0   0   0   0   0   0   0   0    0      0      0      0      0
3    0   0   0   0   0   0   0   0   0   0    0      0      0      0      0
4    0   0   0   0   0   0   0   0   0   0    0      0      0      0      0
5    0   0   0   0   0   0   0   0   0   0    0      0      0      0      0
6    0   0   0   0   0   0   0   0   0   0    0      0      0      0      0
7    0   0   0   0   0   0   0   0   0   0    0      0      0      0      0
8    0   0   0   0   0   0   0   0   0   0    0      0      0      0      0
9    0   0   0   0   0   0   0   0   0   0    0      0      0      0      0
10   0   0   0   0   0   0   0   0   0   0    0      0      0      0      0
11   0   0   0   0   0   0   0   0   0   0    0      0      0      0      0
12   0   0   0   0   0   0   0   0   0   0    0      0      0      0      0
13   0   0   0   0   0   0   0   0   0   0    0      0      0      0      0
14   0   0   0   0   0   0   0   0   0   0    0      0      0      0      0
15   0   0   0   0   0   0   0   0   0   0    0      0      0      0      0
16   0   0   0   0   0   0   0   0   0   0    0      0      0      0      0
17   0   0   0   0   0   0   0   0   0   0    0      0      0      0      0
18   0   0   0   0   0   0   0   0   0   0    0      0      0      0      0
19   0   0   0   0   0   0   0   0   0   0    0      0      0      0      0
20   0   0   0   0   0   0   0   0   0   0    0      0      0      0      0
21   0   0   0   0   0   0   0   0   0   0    0      0      0      0      0
22   0   0   0   0   0   0   0   0   0   0    0      0      0      0      0
23   0   0   0   0   0   0   0   0   0   0    0      0      0      0      0
24   0   0   0   0   0   0   0   0   0   0    0      0      0      0      0
25   0   0   0   0   0   0   0   0   0   0    0      0      0      0      0
26   0   0   0   0   0   0   0   0   0   0    0      0      0      0      0
27   0   0   0   0   0   0   0   0   0   0    0      0      0      0      0
28   0   0   0   0   0   0   0   0   0   0    0      0      0      0      0
29   0   0   0   0   0   0   0   0   0   0    0      0      0      0      0
30   0   0   0   0   0   0   0   0   0   0   -0.3   -0.3   -0.3   -0.3   -0.3
31   0   0   0   0   0   0   0   0   0   0    0      0      0      0      0
32   0   0   0   0   0   0   0   0   0   0    0      0      0      0      0
33   0   0   0   0   0   0   0   0   0   0    0      0      0      0      0

:     15     16     17     18     19     20     21     22     23     :=
1     0      0      0      0      0      0      0      0      0
2     0      0      0      0      0      0      0      0      0
3     0      0      0      0      0      0      0      0      0
4     0      0      0      0      0      0      0      0      0
5     0      0      0      0      0      0      0      0      0
6     0      0      0      0      0      0      0      0      0
7     0      0      0      0      0      0      0      0      0
8     0      0      0      0      0      0      0      0      0
9     0      0      0      0      0      0      0      0      0
10    0      0      0      0      0      0      0      0      0
11    0      0      0      0      0      0      0      0      0
12    0      0      0      0      0      0      0      0      0
13    0      0      0      0      0      0      0      0      0
14    0      0      0      0      0      0      0      0      0
15    0      0      0      0      0      0      0      0      0
16    0      0      0      0      0      0      0      0      0
17    0      0      0      0      0      0      0      0      0
18    0      0      0      0      0      0      0      0      0
19    0      0      0      0      0      0      0      0      0
20    0      0      0      0      0      0      0      0      0
21    0      0      0      0      0      0      0      0      0
22    0      0      0      0      0      0      0      0      0
23    0      0      0      0      0      0      0      0      0
24    0      0      0      0      0      0      0      0      0
25    0      0      0      0      0      0      0      0      0
26    0      0      0      0      0      0      0      0      0
27    0      0      0      0      0      0      0      0      0
28    0      0      0      0      0      0      0      0      0
29    0      0      0      0      0      0      0      0      0
30   -0.3   -0.3   -0.3   -0.3   -0.3   -0.3   -0.3   -0.3   -0.3
31    0      0      0      0      0      0      0      0      0
32    0      0      0      0      0      0      0      0      0
33    0      0      0      0      0      0      0      0      0

 [*,*,2]
:    0   1   2   3   4   5   6   7   8   9    10     11     12     13     14 :=
1    0   0   0   0   0   0   0   0   0   0    0      0      0      0      0
2    0   0   0   0   0   0   0   0   0   0    0      0      0      0      0
3    0   0   0   0   0   0   0   0   0   0    0      0      0      0      0
4    0   0   0   0   0   0   0   0   0   0    0      0      0      0      0
5    0   0   0   0   0   0   0   0   0   0    0      0      0      0      0
6    0   0   0   0   0   0   0   0   0   0    0      0      0      0      0
7    0   0   0   0   0   0   0   0   0   0    0      0      0      0      0
8    0   0   0   0   0   0   0   0   0   0    0      0      0      0      0
9    0   0   0   0   0   0   0   0   0   0    0      0      0      0      0
10   0   0   0   0   0   0   0   0   0   0    0      0      0      0      0
11   0   0   0   0   0   0   0   0   0   0    0      0      0      0      0
12   0   0   0   0   0   0   0   0   0   0    0      0      0      0      0
13   0   0   0   0   0   0   0   0   0   0    0      0      0      0      0
14   0   0   0   0   0   0   0   0   0   0    0      0      0      0      0
15   0   0   0   0   0   0   0   0   0   0    0      0      0      0      0
16   0   0   0   0   0   0   0   0   0   0    0      0      0      0      0
17   0   0   0   0   0   0   0   0   0   0    0      0      0      0      0
18   0   0   0   0   0   0   0   0   0   0    0      0      0      0      0
19   0   0   0   0   0   0   0   0   0   0    0      0      0      0      0
20   0   0   0   0   0   0   0   0   0   0    0      0      0      0      0
21   0   0   0   0   0   0   0   0   0   0    0      0      0      0      0
22   0   0   0   0   0   0   0   0   0   0    0      0      0      0      0
23   0   0   0   0   0   0   0   0   0   0    0      0      0      0      0
24   0   0   0   0   0   0   0   0   0   0    0      0      0      0      0
25   0   0   0   0   0   0   0   0   0   0    0      0      0      0      0
26   0   0   0   0   0   0   0   0   0   0    0      0      0      0      0
27   0   0   0   0   0   0   0   0   0   0    0      0      0      0      0
28   0   0   0   0   0   0   0   0   0   0    0      0      0      0      0
29   0   0   0   0   0   0   0   0   0   0    0      0      0      0      0
30   0   0   0   0   0   0   0   0   0   0   -0.3   -0.3   -0.3   -0.3   -0.3
31   0   0   0   0   0   0   0   0   0   0    0      0      0      0      0
32   0   0   0   0   0   0   0   0   0   0    0      0      0      0      0
33   0   0   0   0   0   0   0   0   0   0    0      0      0      0      0

:     15     16     17     18     19     20     21     22     23     :=
1     0      0      0      0      0      0      0      0      0
2     0      0      0      0      0      0      0      0      0
3     0      0      0      0      0      0      0      0      0
4     0      0      0      0      0      0      0      0      0
5     0      0      0      0      0      0      0      0      0
6     0      0      0      0      0      0      0      0      0
7     0      0      0      0      0      0      0      0      0
8     0      0      0      0      0      0      0      0      0
9     0      0      0      0      0      0      0      0      0
10    0      0      0      0      0      0      0      0      0
11    0      0      0      0      0      0      0      0      0
12    0      0      0      0      0      0      0      0      0
13    0      0      0      0      0      0      0      0      0
14    0      0      0      0      0      0      0      0      0
15    0      0      0      0      0      0      0      0      0
16    0      0      0      0      0      0      0      0      0
17    0      0      0      0      0      0      0      0      0
18    0      0      0      0      0      0      0      0      0
19    0      0      0      0      0      0      0      0      0
20    0      0      0      0      0      0      0      0      0
21    0      0      0      0      0      0      0      0      0
22    0      0      0      0      0      0      0      0      0
23    0      0      0      0      0      0      0      0      0
24    0      0      0      0      0      0      0      0      0
25    0      0      0      0      0      0      0      0      0
26    0      0      0      0      0      0      0      0      0
27    0      0      0      0      0      0      0      0      0
28    0      0      0      0      0      0      0      0      0
29    0      0      0      0      0      0      0      0      0
30   -0.3   -0.3   -0.3   -0.3   -0.3   -0.3   -0.3   -0.3   -0.3
31    0      0      0      0      0      0      0      0      0
32    0      0      0      0      0      0      0      0      0
33    0      0      0      0      0      0      0      0      0
;

FatDem [*] :=
1  1
2  1.05
3  1.1025
4  1.15763
5  1.21551
;



||  =========  ||  =========  ||  =========  ||  =========  ||  =========  ||  =========    

Fator de Potencia na Subestacao:


Ano =    1

    0.9963    0.9929    1.0000    0.9989    1.0000    0.9991    0.9998    0.9976    0.9996    0.9963    0.9963    0.9995    0.9981    0.9999    0.9998    0.9997    0.9977    0.9970    0.9904    0.9856    0.9997    0.9996    0.9966    0.9935    0.9958    0.9886    0.9843    0.9936    0.9894    0.9811    0.9857    0.9922    0.9894    0.9919    0.9911    0.9926    0.9936    0.9911    0.9924    0.9960    0.9933    0.9967    0.9930    0.9966    0.9944    0.9974    0.9985    0.9999

Ano =    2

    0.9926    0.9885    0.9989    0.9963    0.9988    1.0000    0.9996    0.9998    0.9999    0.9994    0.9994    0.9999    0.9999    0.9995    0.9996    0.9977    0.9941    0.9926    0.9842    0.9776    0.9960    0.9968    0.9907    0.9841    0.9900    0.9779    0.9729    0.9871    0.9826    0.9705    0.9769    0.9866    0.9825    0.9866    0.9855    0.9878    0.9895    0.9864    0.9882    0.9925    0.9892    0.9933    0.9888    0.9932    0.9906    0.9942    0.9959    0.9986

Ano =    3

    0.9881    0.9835    0.9962    0.9926    0.9962    0.9988    0.9977    0.9996    0.9982    0.9999    0.9999    0.9984    0.9995    0.9973    0.9977    0.9945    0.9895    0.9872    0.9775    0.9695    0.9896    0.9922    0.9835    0.9740    0.9832    0.9671    0.9620    0.9799    0.9755    0.9604    0.9681    0.9803    0.9752    0.9808    0.9795    0.9825    0.9848    0.9812    0.9835    0.9883    0.9847    0.9893    0.9842    0.9891    0.9861    0.9903    0.9923    0.9960

Ano =    4

    0.9832    0.9783    0.9925    0.9881    0.9924    0.9961    0.9944    0.9977    0.9952    0.9984    0.9984    0.9954    0.9973    0.9939    0.9944    0.9903    0.9842    0.9812    0.9708    0.9617    0.9822    0.9865    0.9758    0.9642    0.9760    0.9572    0.9522    0.9724    0.9684    0.9514    0.9598    0.9739    0.9680    0.9747    0.9733    0.9769    0.9797    0.9758    0.9786    0.9837    0.9798    0.9847    0.9793    0.9845    0.9813    0.9858    0.9881    0.9924

Ano =    5

    0.9780    0.9730    0.9881    0.9832    0.9879    0.9923    0.9902    0.9944    0.9912    0.9955    0.9955    0.9915    0.9939    0.9896    0.9902    0.9855    0.9787    0.9750    0.9642    0.9543    0.9744    0.9804    0.9682    0.9551    0.9688    0.9483    0.9435    0.9651    0.9615    0.9432    0.9521    0.9675    0.9609    0.9687    0.9671    0.9712    0.9745    0.9704    0.9735    0.9788    0.9747    0.9798    0.9742    0.9797    0.9763    0.9810    0.9834    0.9882
time() - startTime = 137